t 0
15 0
16 1
11 2
17 3
12 4
t 1
12 0
13 1
14 2
19 3
18 4
t 2
12 0
13 1
14 2
18 3
19 4
t 3
8 0
3 1
2 2
6 3
10 4
t 4
8 0
7 1
6 2
2 3
1 4
t 5
7 0
1 1
0 2
5 3
6 4
t 6
11 0
10 1
3 2
2 3
6 4
t 7
10 0
6 1
1 2
7 3
2 4
t 8
7 0
6 1
5 2
0 3
1 4
t 9
6 0
7 1
12 2
8 3
13 4
t 10
12 0
11 1
10 2
15 3
16 4
t 11
12 0
16 1
15 2
10 3
11 4
t 12
11 0
6 1
1 2
7 3
2 4
t 13
9 0
14 1
19 2
13 3
18 4
t 14
8 0
12 1
17 2
11 3
16 4
t 15
7 0
2 1
3 2
10 3
6 4
t 16
13 0
12 1
11 2
17 3
16 4
t 17
7 0
8 1
9 2
4 3
3 4
t 18
14 0
13 1
8 2
12 3
7 4
t 19
10 0
11 1
12 2
16 3
17 4
t 20
9 0
8 1
3 2
2 3
7 4
t 21
6 0
7 1
8 2
3 3
2 4
t 22
6 0
2 1
3 2
8 3
7 4
t 23
10 0
11 1
12 2
17 3
16 4
t 24
0 0
5 1
11 2
10 3
6 4
t 25
7 0
8 1
13 2
14 3
9 4
t 26
11 0
12 1
7 2
8 3
13 4
t 27
1 0
7 1
13 2
12 3
8 4
t 28
12 0
13 1
8 2
9 3
14 4
t 29
8 0
12 1
17 2
16 3
11 4
t 30
7 0
12 1
17 2
11 3
16 4
t 31
8 0
7 1
2 2
1 3
6 4
t 32
9 0
14 1
19 2
18 3
13 4
t 33
9 0
8 1
7 2
12 3
13 4
t 34
12 0
11 1
6 2
10 3
5 4
t 35
6 0
7 1
12 2
13 3
8 4
t 36
8 0
13 1
18 2
14 3
19 4
t 37
1 0
6 1
10 2
11 3
5 4
t 38
8 0
12 1
11 2
6 3
7 4
t 39
19 0
13 1
7 2
12 3
8 4
t 40
8 0
7 1
6 2
11 3
12 4
t 41
11 0
6 1
10 2
3 3
2 4
t 42
3 0
8 1
12 2
13 3
7 4
t 43
15 0
10 1
6 2
2 3
3 4
t 44
9 0
8 1
7 2
13 3
12 4
t 45
17 0
12 1
8 2
7 3
13 4
t 46
7 0
6 1
1 2
0 3
5 4
t 47
0 0
5 1
11 2
6 3
10 4
t 48
6 0
11 1
16 2
12 3
17 4
t 49
5 0
6 1
2 2
7 3
1 4
t 50
1 0
7 1
13 2
8 3
12 4
t 51
8 0
13 1
18 2
19 3
14 4
t 52
7 0
13 1
18 2
14 3
19 4
t 53
12 0
16 1
11 2
10 3
15 4
t 54
1 0
6 1
10 2
5 3
11 4
t 55
8 0
7 1
2 2
6 3
1 4
t 56
2 0
7 1
13 2
12 3
8 4
t 57
1 0
2 1
6 2
10 3
3 4
t 58
5 0
10 1
6 2
2 3
3 4
t 59
17 0
11 1
5 2
6 3
10 4
t 60
2 0
6 1
10 2
11 3
5 4
t 61
10 0
11 1
6 2
7 3
12 4
t 62
18 0
13 1
7 2
8 3
12 4
t 63
7 0
12 1
17 2
16 3
11 4
t 64
7 0
6 1
5 2
10 3
11 4
t 65
1 0
6 1
10 2
3 3
2 4
t 66
19 0
13 1
7 2
8 3
12 4
t 67
7 0
6 1
5 2
11 3
10 4
t 68
6 0
10 1
15 2
16 3
11 4
t 69
6 0
11 1
16 2
15 3
10 4
t 70
4 0
8 1
12 2
13 3
7 4
t 71
0 0
1 1
7 2
6 3
2 4
t 72
5 0
6 1
2 2
3 3
10 4
t 73
7 0
13 1
14 2
9 3
8 4
t 74
7 0
8 1
9 2
14 3
13 4
t 75
6 0
7 1
8 2
12 3
13 4
t 76
5 0
11 1
16 2
12 3
17 4
t 77
11 0
12 1
7 2
13 3
8 4
t 78
2 0
6 1
10 2
5 3
11 4
t 79
2 0
7 1
13 2
8 3
12 4
t 80
6 0
7 1
8 2
13 3
12 4
t 81
6 0
11 1
16 2
17 3
12 4
t 82
3 0
8 1
12 2
7 3
13 4
t 83
5 0
6 1
2 2
1 3
7 4
t 84
7 0
13 1
18 2
19 3
14 4
t 85
7 0
8 1
3 2
4 3
9 4
t 86
13 0
7 1
2 2
1 3
6 4
t 87
5 0
11 1
17 2
16 3
12 4
t 88
14 0
13 1
12 2
8 3
7 4
t 89
10 0
6 1
7 2
1 3
2 4
t 90
4 0
8 1
13 2
12 3
7 4
t 91
14 0
9 1
4 2
3 3
8 4
t 92
2 0
6 1
11 2
5 3
10 4
t 93
17 0
16 1
11 2
10 3
15 4
t 94
13 0
12 1
17 2
16 3
11 4
t 95
16 0
11 1
6 2
10 3
5 4
t 96
8 0
3 1
10 2
6 3
2 4
t 97
10 0
6 1
7 2
2 3
1 4
t 98
3 0
8 1
13 2
7 3
12 4
t 99
17 0
12 1
7 2
13 3
8 4
t 100
2 0
3 1
8 2
9 3
4 4
t 101
12 0
8 1
7 2
2 3
3 4
t 102
12 0
8 1
13 2
14 3
9 4
t 103
12 0
7 1
6 2
2 3
1 4
t 104
10 0
5 1
6 2
1 3
0 4
t 105
11 0
6 1
5 2
0 3
1 4
t 106
0 0
1 1
6 2
2 3
7 4
t 107
13 0
8 1
3 2
4 3
9 4
t 108
12 0
11 1
10 2
5 3
6 4
t 109
12 0
7 1
2 2
1 3
6 4
t 110
10 0
3 1
4 2
9 3
8 4
t 111
17 0
11 1
6 2
10 3
5 4
t 112
12 0
13 1
18 2
14 3
19 4
t 113
16 0
11 1
6 2
7 3
12 4
t 114
16 0
12 1
7 2
6 3
11 4
t 115
4 0
8 1
13 2
7 3
12 4
t 116
7 0
1 1
6 2
5 3
0 4
t 117
18 0
13 1
8 2
12 3
7 4
t 118
13 0
7 1
2 2
3 3
8 4
t 119
13 0
7 1
6 2
11 3
12 4
t 120
13 0
8 1
3 2
2 3
7 4
t 121
12 0
11 1
16 2
15 3
10 4
t 122
5 0
6 1
11 2
12 3
7 4
t 123
13 0
12 1
11 2
6 3
7 4
t 124
15 0
16 1
17 2
11 3
12 4
t 125
15 0
16 1
17 2
12 3
11 4
t 126
15 0
10 1
5 2
6 3
11 4
t 127
9 0
8 1
13 2
7 3
12 4
t 128
15 0
10 1
3 2
2 3
6 4
t 129
10 0
6 1
5 2
0 3
1 4
t 130
10 0
6 1
11 2
12 3
7 4
t 131
14 0
13 1
12 2
7 3
8 4
t 132
2 0
1 1
6 2
5 3
0 4
t 133
16 0
12 1
7 2
8 3
13 4
t 134
3 0
2 1
7 2
6 3
1 4
t 135
12 0
8 1
3 2
4 3
9 4
t 136
12 0
13 1
18 2
19 3
14 4
t 137
10 0
11 1
16 2
12 3
17 4
t 138
11 0
12 1
13 2
7 3
8 4
t 139
5 0
6 1
7 2
2 3
1 4
t 140
11 0
6 1
1 2
2 3
7 4
t 141
5 0
6 1
7 2
1 3
2 4
t 142
11 0
12 1
13 2
8 3
7 4
t 143
7 0
6 1
11 2
5 3
10 4
t 144
12 0
7 1
2 2
3 3
8 4
t 145
12 0
8 1
3 2
2 3
7 4
t 146
12 0
8 1
9 2
14 3
13 4
t 147
4 0
3 1
8 2
7 3
2 4
t 148
12 0
13 1
14 2
9 3
8 4
t 149
3 0
10 1
6 2
11 3
5 4
t 150
9 0
8 1
13 2
12 3
7 4
t 151
15 0
16 1
11 2
12 3
17 4
t 152
10 0
3 1
2 2
7 3
8 4
t 153
12 0
11 1
10 2
6 3
5 4
t 154
13 0
7 1
2 2
6 3
1 4
t 155
11 0
5 1
0 2
1 3
6 4
t 156
11 0
6 1
1 2
0 3
5 4
t 157
1 0
6 1
2 2
3 3
10 4
t 158
15 0
10 1
5 2
11 3
6 4
t 159
12 0
11 1
6 2
5 3
10 4
t 160
8 0
7 1
12 2
11 3
6 4
t 161
13 0
12 1
11 2
16 3
17 4
t 162
16 0
12 1
7 2
13 3
8 4
t 163
9 0
8 1
7 2
2 3
3 4
t 164
3 0
2 1
7 2
1 3
6 4
t 165
10 0
6 1
1 2
2 3
7 4
t 166
10 0
11 1
16 2
17 3
12 4
t 167
6 0
2 1
7 2
8 3
3 4
t 168
8 0
7 1
6 2
1 3
2 4
t 169
13 0
12 1
7 2
6 3
11 4
t 170
12 0
7 1
2 2
6 3
1 4
t 171
3 0
10 1
6 2
5 3
11 4
t 172
4 0
3 1
10 2
6 3
2 4
t 173
10 0
5 1
0 2
1 3
6 4
t 174
10 0
6 1
1 2
0 3
5 4
t 175
10 0
6 1
7 2
12 3
11 4
t 176
14 0
13 1
8 2
7 3
12 4
t 177
10 0
11 1
12 2
7 3
6 4
t 178
7 0
6 1
11 2
10 3
5 4
t 179
3 0
8 1
7 2
12 3
13 4
t 180
6 0
7 1
13 2
8 3
12 4
t 181
18 0
14 1
13 2
8 3
9 4
t 182
2 0
7 1
8 2
12 3
13 4
t 183
17 0
12 1
11 2
6 3
7 4
t 184
17 0
11 1
10 2
6 3
5 4
t 185
12 0
11 1
5 2
6 3
10 4
t 186
2 0
6 1
5 2
11 3
10 4
t 187
2 0
6 1
5 2
10 3
11 4
t 188
16 0
11 1
12 2
7 3
6 4
t 189
19 0
13 1
8 2
7 3
12 4
t 190
2 0
7 1
8 2
13 3
12 4
t 191
18 0
13 1
12 2
8 3
7 4
t 192
3 0
8 1
9 2
14 3
13 4
t 193
16 0
12 1
13 2
7 3
8 4
t 194
4 0
9 1
8 2
13 3
14 4
t 195
15 0
10 1
11 2
5 3
6 4
t 196
7 0
6 1
10 2
11 3
5 4
t 197
15 0
10 1
11 2
6 3
5 4
t 198
4 0
8 1
7 2
13 3
12 4
t 199
2 0
6 1
1 2
0 3
5 4
t 200
2 0
6 1
7 2
12 3
11 4
t 201
16 0
11 1
10 2
5 3
6 4
t 202
16 0
12 1
13 2
8 3
7 4
t 203
10 0
6 1
2 2
7 3
1 4
t 204
18 0
13 1
14 2
9 3
8 4
t 205
6 0
7 1
13 2
12 3
8 4
t 206
4 0
8 1
7 2
12 3
13 4
t 207
17 0
11 1
12 2
7 3
6 4
t 208
17 0
11 1
16 2
15 3
10 4
t 209
1 0
2 1
3 2
10 3
6 4
t 210
5 0
10 1
3 2
2 3
6 4
t 211
12 0
11 1
5 2
10 3
6 4
t 212
1 0
7 1
12 2
13 3
8 4
t 213
9 0
14 1
18 2
13 3
19 4
t 214
8 0
12 1
16 2
11 3
17 4
t 215
8 0
13 1
19 2
14 3
18 4
t 216
3 0
10 1
15 2
16 3
11 4
t 217
14 0
13 1
7 2
12 3
8 4
t 218
18 0
13 1
12 2
7 3
8 4
t 219
15 0
16 1
12 2
17 3
11 4
t 220
4 0
8 1
3 2
2 3
7 4
t 221
4 0
8 1
9 2
14 3
13 4
t 222
19 0
13 1
12 2
8 3
7 4
t 223
17 0
11 1
10 2
5 3
6 4
t 224
11 0
12 1
8 2
7 3
13 4
t 225
17 0
12 1
13 2
8 3
7 4
t 226
1 0
2 1
3 2
8 3
7 4
t 227
1 0
6 1
11 2
12 3
7 4
t 228
1 0
7 1
8 2
3 3
2 4
t 229
1 0
7 1
12 2
11 3
6 4
t 230
0 0
5 1
10 2
11 3
6 4
t 231
0 0
1 1
2 2
7 3
6 4
t 232
0 0
1 1
2 2
6 3
7 4
t 233
19 0
14 1
13 2
8 3
9 4
t 234
17 0
12 1
13 2
7 3
8 4
t 235
3 0
10 1
11 2
6 3
5 4
t 236
6 0
11 1
17 2
12 3
16 4
t 237
13 0
7 1
6 2
1 3
2 4
t 238
13 0
8 1
9 2
4 3
3 4
t 239
5 0
6 1
1 2
7 3
2 4
t 240
18 0
13 1
8 2
9 3
14 4
t 241
18 0
14 1
9 2
8 3
13 4
t 242
1 0
7 1
12 2
8 3
13 4
t 243
7 0
12 1
16 2
11 3
17 4
t 244
7 0
13 1
19 2
14 3
18 4
t 245
14 0
9 1
8 2
3 3
4 4
t 246
11 0
12 1
8 2
13 3
7 4
t 247
17 0
11 1
6 2
7 3
12 4
t 248
17 0
11 1
10 2
15 3
16 4
t 249
17 0
12 1
7 2
6 3
11 4
t 250
17 0
16 1
15 2
10 3
11 4
t 251
8 0
13 1
19 2
18 3
14 4
t 252
1 0
6 1
11 2
10 3
5 4
t 253
3 0
10 1
11 2
5 3
6 4
t 254
2 0
3 1
4 2
9 3
8 4
t 255
2 0
7 1
12 2
13 3
8 4
t 256
3 0
8 1
13 2
14 3
9 4
t 257
13 0
7 1
8 2
3 3
2 4
t 258
13 0
7 1
12 2
11 3
6 4
t 259
19 0
13 1
8 2
12 3
7 4
t 260
7 0
6 1
2 2
3 3
10 4
t 261
17 0
12 1
7 2
8 3
13 4
t 262
3 0
2 1
1 2
7 3
6 4
t 263
8 0
7 1
1 2
2 3
6 4
t 264
8 0
12 1
16 2
17 3
11 4
t 265
2 0
1 1
0 2
5 3
6 4
t 266
2 0
6 1
5 2
0 3
1 4
t 267
2 0
6 1
11 2
12 3
7 4
t 268
16 0
11 1
6 2
5 3
10 4
t 269
2 0
7 1
12 2
11 3
6 4
t 270
9 0
14 1
18 2
19 3
13 4
t 271
0 0
5 1
10 2
6 3
11 4
t 272
3 0
8 1
13 2
12 3
7 4
t 273
3 0
2 1
1 2
6 3
7 4
t 274
6 0
11 1
17 2
16 3
12 4
t 275
12 0
7 1
6 2
1 3
2 4
t 276
12 0
8 1
9 2
4 3
3 4
t 277
5 0
11 1
17 2
12 3
16 4
t 278
1 0
6 1
11 2
5 3
10 4
t 279
8 0
7 1
1 2
6 3
2 4
t 280
7 0
13 1
19 2
18 3
14 4
t 281
16 0
11 1
10 2
6 3
5 4
t 282
5 0
6 1
1 2
2 3
7 4
t 283
11 0
6 1
7 2
1 3
2 4
t 284
2 0
7 1
12 2
8 3
13 4
t 285
13 0
12 1
17 2
11 3
16 4
t 286
10 0
3 1
8 2
9 3
4 4
t 287
2 0
6 1
11 2
10 3
5 4
t 288
16 0
12 1
11 2
6 3
7 4
t 289
11 0
6 1
7 2
2 3
1 4
t 290
13 0
8 1
7 2
2 3
3 4
t 291
18 0
13 1
8 2
7 3
12 4
t 292
12 0
7 1
8 2
3 3
2 4
t 293
4 0
3 1
2 2
7 3
8 4
t 294
4 0
8 1
13 2
14 3
9 4
t 295
4 0
9 1
14 2
13 3
8 4
t 296
4 0
8 1
7 2
2 3
3 4
t 297
17 0
11 1
6 2
5 3
10 4
t 298
7 0
12 1
16 2
17 3
11 4
t 299
5 0
6 1
7 2
12 3
11 4
t 300
1 0
2 1
7 2
8 3
3 4
t 301
13 0
7 1
6 2
2 3
1 4
t 302
4 0
3 1
2 2
6 3
10 4
t 303
0 0
1 1
6 2
7 3
2 4
t 304
10 0
3 1
8 2
7 3
2 4
t 305
19 0
13 1
8 2
9 3
14 4
t 306
19 0
14 1
9 2
8 3
13 4
t 307
11 0
5 1
6 2
1 3
0 4
t 308
8 0
12 1
7 2
6 3
11 4
t 309
5 0
10 1
15 2
16 3
11 4
t 310
5 0
11 1
12 2
7 3
6 4
t 311
5 0
11 1
16 2
15 3
10 4
t 312
6 0
7 1
2 2
3 3
8 4
t 313
0 0
1 1
7 2
2 3
6 4
t 314
15 0
10 1
6 2
11 3
5 4
t 315
8 0
12 1
11 2
16 3
17 4
t 316
8 0
13 1
14 2
19 3
18 4
t 317
9 0
14 1
13 2
18 3
19 4
t 318
16 0
11 1
5 2
10 3
6 4
t 319
16 0
12 1
8 2
13 3
7 4
t 320
8 0
13 1
14 2
18 3
19 4
t 321
5 0
11 1
16 2
17 3
12 4
t 322
13 0
12 1
16 2
11 3
17 4
t 323
4 0
8 1
12 2
7 3
13 4
t 324
16 0
12 1
8 2
7 3
13 4
t 325
15 0
10 1
6 2
5 3
11 4
t 326
3 0
2 1
6 2
7 3
1 4
t 327
13 0
7 1
1 2
2 3
6 4
t 328
6 0
10 1
11 2
16 3
15 4
t 329
8 0
12 1
11 2
17 3
16 4
t 330
13 0
12 1
16 2
17 3
11 4
t 331
9 0
14 1
13 2
19 3
18 4
t 332
6 0
11 1
12 2
16 3
17 4
t 333
7 0
13 1
14 2
18 3
19 4
t 334
16 0
11 1
5 2
6 3
10 4
t 335
6 0
11 1
12 2
17 3
16 4
t 336
17 0
11 1
5 2
10 3
6 4
t 337
17 0
12 1
8 2
13 3
7 4
t 338
12 0
13 1
19 2
14 3
18 4
t 339
7 0
12 1
11 2
16 3
17 4
t 340
7 0
13 1
14 2
19 3
18 4
t 341
18 0
13 1
7 2
12 3
8 4
t 342
7 0
12 1
11 2
17 3
16 4
t 343
3 0
10 1
5 2
11 3
6 4
t 344
11 0
6 1
2 2
3 3
10 4
t 345
15 0
16 1
12 2
11 3
17 4
t 346
5 0
10 1
11 2
16 3
15 4
t 347
9 0
8 1
12 2
7 3
13 4
t 348
12 0
7 1
1 2
2 3
6 4
t 349
6 0
11 1
10 2
15 3
16 4
t 350
13 0
7 1
1 2
6 3
2 4
t 351
19 0
13 1
12 2
7 3
8 4
t 352
7 0
13 1
8 2
9 3
14 4
t 353
5 0
11 1
12 2
16 3
17 4
t 354
14 0
13 1
7 2
8 3
12 4
t 355
7 0
6 1
10 2
3 3
2 4
t 356
10 0
11 1
17 2
12 3
16 4
t 357
11 0
6 1
2 2
1 3
7 4
t 358
5 0
11 1
12 2
17 3
16 4
t 359
1 0
7 1
2 2
3 3
8 4
t 360
1 0
7 1
6 2
11 3
12 4
t 361
12 0
13 1
19 2
18 3
14 4
t 362
3 0
2 1
6 2
1 3
7 4
t 363
19 0
13 1
14 2
9 3
8 4
t 364
3 0
10 1
5 2
6 3
11 4
t 365
1 0
7 1
8 2
12 3
13 4
t 366
7 0
6 1
10 2
5 3
11 4
t 367
11 0
6 1
2 2
7 3
1 4
t 368
12 0
7 1
1 2
6 3
2 4
t 369
5 0
11 1
6 2
7 3
12 4
t 370
5 0
11 1
10 2
15 3
16 4
t 371
1 0
6 1
5 2
10 3
11 4
t 372
1 0
7 1
8 2
13 3
12 4
t 373
5 0
6 1
10 2
3 3
2 4
t 374
7 0
2 1
6 2
10 3
3 4
t 375
1 0
6 1
5 2
11 3
10 4
t 376
3 0
10 1
11 2
16 3
15 4
t 377
10 0
11 1
17 2
16 3
12 4
t 378
10 0
6 1
2 2
1 3
7 4
t 379
3 0
8 1
7 2
13 3
12 4
t 380
1 0
6 1
7 2
12 3
11 4
t 381
0 0
5 1
6 2
11 3
10 4
t 382
9 0
8 1
12 2
13 3
7 4
t 383
11 0
10 1
6 2
2 3
3 4
t 384
2 0
7 1
6 2
11 3
12 4
t 385
0 0
5 1
6 2
10 3
11 4
t # -1