t 0
13 0
8 1
18 2
14 3
7 4
t 1
11 0
5 1
17 2
12 3
6 4
t 2
11 0
5 1
17 2
12 3
10 4
t 3
12 0
11 1
8 2
13 3
16 4
t 4
12 0
16 1
13 2
8 3
11 4
t 5
12 0
11 1
8 2
13 3
17 4
t 6
12 0
7 1
17 2
11 3
8 4
t 7
12 0
16 1
13 2
8 3
17 4
t 8
12 0
7 1
17 2
11 3
13 4
t 9
7 0
13 1
1 2
2 3
12 4
t 10
13 0
8 1
18 2
14 3
12 4
t 11
7 0
13 1
1 2
2 3
8 4
t 12
8 0
4 1
7 2
13 3
9 4
t 13
13 0
7 1
19 2
18 3
8 4
t 14
8 0
4 1
7 2
13 3
3 4
t 15
12 0
16 1
13 2
7 3
11 4
t 16
12 0
16 1
13 2
7 3
17 4
t 17
13 0
7 1
19 2
18 3
12 4
t 18
6 0
11 1
1 2
7 3
10 4
t 19
6 0
2 1
5 2
10 3
1 4
t 20
6 0
11 1
1 2
7 3
5 4
t 21
7 0
13 1
1 2
6 3
8 4
t 22
6 0
7 1
10 2
5 3
1 4
t 23
6 0
7 1
10 2
5 3
2 4
t 24
6 0
2 1
5 2
10 3
7 4
t 25
6 0
2 1
5 2
11 3
1 4
t 26
11 0
5 1
17 2
16 3
10 4
t 27
8 0
7 1
4 2
3 3
12 4
t 28
8 0
7 1
4 2
3 3
13 4
t 29
8 0
9 1
12 2
13 3
4 4
t 30
6 0
2 1
5 2
11 3
7 4
t 31
7 0
13 1
1 2
6 3
12 4
t 32
11 0
5 1
17 2
16 3
6 4
t 33
11 0
6 1
16 2
12 3
10 4
t 34
11 0
6 1
16 2
12 3
5 4
t 35
13 0
14 1
7 2
8 3
19 4
t 36
13 0
14 1
7 2
8 3
18 4
t 37
6 0
7 1
10 2
11 3
1 4
t 38
6 0
7 1
10 2
11 3
2 4
t 39
6 0
5 1
2 2
1 3
10 4
t 40
6 0
5 1
2 2
1 3
11 4
t 41
13 0
19 1
12 2
8 3
18 4
t 42
13 0
19 1
12 2
8 3
14 4
t 43
8 0
7 1
4 2
9 3
13 4
t 44
13 0
19 1
12 2
7 3
18 4
t 45
8 0
12 1
9 2
4 3
13 4
t 46
7 0
1 1
13 2
8 3
6 4
t 47
8 0
3 1
13 2
7 3
4 4
t 48
8 0
12 1
9 2
4 3
7 4
t 49
8 0
7 1
4 2
9 3
12 4
t 50
7 0
1 1
13 2
8 3
2 4
t 51
13 0
19 1
12 2
7 3
14 4
t 52
13 0
14 1
7 2
12 3
18 4
t 53
13 0
14 1
7 2
12 3
19 4
t 54
13 0
8 1
18 2
19 3
12 4
t 55
13 0
8 1
18 2
19 3
7 4
t 56
12 0
7 1
17 2
16 3
8 4
t 57
12 0
8 1
16 2
11 3
7 4
t 58
12 0
7 1
17 2
16 3
13 4
t 59
12 0
8 1
16 2
11 3
13 4
t 60
11 0
12 1
5 2
6 3
16 4
t 61
11 0
12 1
5 2
6 3
17 4
t 62
12 0
16 1
7 2
8 3
11 4
t 63
12 0
17 1
8 2
7 3
11 4
t 64
13 0
8 1
14 2
18 3
12 4
t 65
13 0
8 1
14 2
18 3
7 4
t 66
12 0
16 1
7 2
8 3
17 4
t 67
12 0
17 1
8 2
7 3
16 4
t 68
11 0
17 1
10 2
6 3
16 4
t 69
13 0
12 1
18 2
14 3
7 4
t 70
13 0
12 1
18 2
14 3
8 4
t 71
11 0
17 1
10 2
6 3
12 4
t 72
12 0
8 1
16 2
17 3
7 4
t 73
12 0
8 1
16 2
17 3
13 4
t 74
6 0
10 1
7 2
1 3
11 4
t 75
6 0
10 1
7 2
1 3
5 4
t 76
7 0
1 1
13 2
12 3
2 4
t 77
7 0
1 1
13 2
12 3
6 4
t 78
11 0
6 1
16 2
17 3
5 4
t 79
11 0
6 1
16 2
17 3
10 4
t 80
6 0
10 1
7 2
2 3
11 4
t 81
6 0
1 1
11 2
5 3
2 4
t 82
6 0
10 1
7 2
2 3
5 4
t 83
6 0
5 1
2 2
7 3
11 4
t 84
6 0
5 1
2 2
7 3
10 4
t 85
7 0
2 1
12 2
8 3
1 4
t 86
7 0
2 1
12 2
8 3
6 4
t 87
11 0
17 1
10 2
5 3
16 4
t 88
6 0
1 1
11 2
5 3
7 4
t 89
11 0
12 1
5 2
10 3
16 4
t 90
11 0
17 1
10 2
5 3
12 4
t 91
11 0
12 1
5 2
10 3
17 4
t 92
11 0
16 1
6 2
5 3
12 4
t 93
13 0
18 1
8 2
12 3
14 4
t 94
11 0
16 1
6 2
5 3
17 4
t 95
13 0
18 1
8 2
12 3
19 4
t 96
6 0
1 1
10 2
5 3
2 4
t 97
12 0
17 1
7 2
8 3
11 4
t 98
12 0
16 1
8 2
13 3
17 4
t 99
6 0
11 1
7 2
1 3
10 4
t 100
12 0
16 1
8 2
13 3
11 4
t 101
6 0
11 1
7 2
1 3
5 4
t 102
12 0
17 1
7 2
8 3
16 4
t 103
6 0
5 1
1 2
7 3
11 4
t 104
6 0
5 1
1 2
7 3
10 4
t 105
7 0
1 1
12 2
13 3
6 4
t 106
7 0
2 1
13 2
12 3
6 4
t 107
6 0
7 1
5 2
10 3
1 4
t 108
6 0
7 1
5 2
10 3
2 4
t 109
6 0
1 1
10 2
5 3
7 4
t 110
7 0
1 1
12 2
13 3
2 4
t 111
7 0
2 1
13 2
12 3
1 4
t 112
6 0
2 1
11 2
5 3
1 4
t 113
8 0
3 1
12 2
13 3
4 4
t 114
8 0
4 1
13 2
12 3
3 4
t 115
6 0
11 1
7 2
2 3
10 4
t 116
6 0
11 1
7 2
2 3
5 4
t 117
8 0
4 1
13 2
12 3
9 4
t 118
7 0
12 1
6 2
1 3
13 4
t 119
6 0
7 1
5 2
11 3
1 4
t 120
11 0
5 1
12 2
16 3
6 4
t 121
6 0
7 1
5 2
11 3
2 4
t 122
13 0
12 1
19 2
18 3
8 4
t 123
11 0
5 1
12 2
16 3
10 4
t 124
13 0
12 1
19 2
18 3
7 4
t 125
6 0
2 1
11 2
5 3
7 4
t 126
7 0
12 1
6 2
1 3
8 4
t 127
11 0
5 1
12 2
17 3
6 4
t 128
7 0
12 1
6 2
2 3
13 4
t 129
11 0
5 1
12 2
17 3
10 4
t 130
7 0
12 1
6 2
2 3
8 4
t 131
7 0
8 1
2 2
6 3
13 4
t 132
7 0
8 1
2 2
6 3
12 4
t 133
11 0
10 1
17 2
12 3
5 4
t 134
11 0
10 1
17 2
12 3
6 4
t 135
12 0
17 1
7 2
13 3
16 4
t 136
12 0
8 1
11 2
16 3
7 4
t 137
12 0
8 1
11 2
16 3
13 4
t 138
12 0
13 1
16 2
11 3
7 4
t 139
12 0
13 1
16 2
11 3
8 4
t 140
8 0
12 1
4 2
3 3
13 4
t 141
8 0
12 1
4 2
3 3
7 4
t 142
11 0
16 1
6 2
10 3
17 4
t 143
11 0
16 1
6 2
10 3
12 4
t 144
12 0
17 1
7 2
13 3
11 4
t 145
6 0
1 1
10 2
11 3
7 4
t 146
6 0
2 1
11 2
10 3
7 4
t 147
6 0
1 1
10 2
11 3
2 4
t 148
6 0
2 1
11 2
10 3
1 4
t 149
11 0
10 1
17 2
16 3
5 4
t 150
13 0
19 1
7 2
8 3
14 4
t 151
11 0
10 1
17 2
16 3
6 4
t 152
13 0
19 1
7 2
8 3
18 4
t 153
6 0
10 1
2 2
1 3
11 4
t 154
6 0
10 1
2 2
1 3
5 4
t 155
8 0
12 1
4 2
9 3
7 4
t 156
7 0
1 1
8 2
12 3
2 4
t 157
7 0
1 1
8 2
12 3
6 4
t 158
7 0
1 1
8 2
13 3
2 4
t 159
7 0
6 1
13 2
8 3
1 4
t 160
7 0
6 1
13 2
8 3
2 4
t 161
7 0
1 1
8 2
13 3
6 4
t 162
11 0
17 1
5 2
6 3
12 4
t 163
7 0
12 1
2 2
1 3
13 4
t 164
7 0
12 1
2 2
1 3
8 4
t 165
11 0
17 1
5 2
6 3
16 4
t 166
12 0
8 1
11 2
17 3
7 4
t 167
8 0
12 1
4 2
9 3
13 4
t 168
8 0
13 1
3 2
4 3
7 4
t 169
12 0
8 1
11 2
17 3
13 4
t 170
8 0
13 1
3 2
4 3
12 4
t 171
13 0
19 1
7 2
12 3
18 4
t 172
13 0
19 1
7 2
12 3
14 4
t 173
6 0
11 1
1 2
2 3
5 4
t 174
6 0
10 1
2 2
7 3
5 4
t 175
7 0
6 1
13 2
12 3
1 4
t 176
7 0
6 1
13 2
12 3
2 4
t 177
13 0
7 1
19 2
14 3
12 4
t 178
13 0
7 1
19 2
14 3
8 4
t 179
8 0
4 1
7 2
12 3
9 4
t 180
12 0
13 1
16 2
17 3
7 4
t 181
12 0
13 1
16 2
17 3
8 4
t 182
7 0
12 1
2 2
6 3
8 4
t 183
8 0
4 1
7 2
12 3
3 4
t 184
6 0
10 1
2 2
7 3
11 4
t 185
6 0
11 1
1 2
2 3
10 4
t 186
8 0
9 1
12 2
7 3
4 4
t 187
12 0
11 1
8 2
7 3
17 4
t 188
12 0
11 1
8 2
7 3
16 4
t 189
11 0
17 1
5 2
10 3
16 4
t 190
11 0
17 1
5 2
10 3
12 4
t 191
7 0
12 1
2 2
6 3
13 4
t 192
7 0
12 1
1 2
6 3
8 4
t 193
6 0
5 1
7 2
2 3
10 4
t 194
6 0
1 1
5 2
10 3
2 4
t 195
6 0
10 1
1 2
7 3
11 4
t 196
6 0
1 1
5 2
10 3
7 4
t 197
6 0
11 1
2 2
7 3
10 4
t 198
6 0
11 1
2 2
7 3
5 4
t 199
7 0
6 1
12 2
13 3
1 4
t 200
6 0
5 1
7 2
2 3
11 4
t 201
7 0
6 1
12 2
13 3
2 4
t 202
7 0
13 1
2 2
6 3
8 4
t 203
13 0
14 1
8 2
7 3
19 4
t 204
13 0
14 1
8 2
7 3
18 4
t 205
6 0
1 1
5 2
11 3
2 4
t 206
6 0
7 1
11 2
5 3
1 4
t 207
6 0
7 1
11 2
5 3
2 4
t 208
6 0
1 1
5 2
11 3
7 4
t 209
7 0
12 1
1 2
6 3
13 4
t 210
11 0
10 1
12 2
17 3
5 4
t 211
11 0
10 1
12 2
17 3
6 4
t 212
13 0
8 1
19 2
14 3
12 4
t 213
7 0
13 1
2 2
6 3
12 4
t 214
13 0
8 1
19 2
14 3
7 4
t 215
8 0
9 1
13 2
12 3
4 4
t 216
12 0
11 1
7 2
8 3
16 4
t 217
12 0
11 1
7 2
8 3
17 4
t 218
13 0
7 1
18 2
14 3
12 4
t 219
13 0
7 1
18 2
14 3
8 4
t 220
12 0
13 1
11 2
17 3
8 4
t 221
11 0
12 1
6 2
5 3
17 4
t 222
13 0
18 1
12 2
8 3
19 4
t 223
13 0
18 1
12 2
8 3
14 4
t 224
11 0
12 1
6 2
5 3
16 4
t 225
13 0
14 1
8 2
12 3
18 4
t 226
13 0
14 1
8 2
12 3
19 4
t 227
12 0
13 1
11 2
16 3
7 4
t 228
12 0
13 1
11 2
16 3
8 4
t 229
13 0
18 1
12 2
7 3
19 4
t 230
12 0
17 1
13 2
8 3
16 4
t 231
12 0
17 1
13 2
8 3
11 4
t 232
12 0
8 1
17 2
11 3
7 4
t 233
12 0
8 1
17 2
11 3
13 4
t 234
13 0
18 1
12 2
7 3
14 4
t 235
12 0
13 1
11 2
17 3
7 4
t 236
11 0
5 1
16 2
12 3
10 4
t 237
13 0
7 1
18 2
19 3
8 4
t 238
13 0
8 1
19 2
18 3
7 4
t 239
7 0
6 1
8 2
12 3
2 4
t 240
7 0
6 1
8 2
12 3
1 4
t 241
12 0
11 1
7 2
13 3
17 4
t 242
12 0
11 1
7 2
13 3
16 4
t 243
7 0
8 1
6 2
1 3
13 4
t 244
6 0
7 1
11 2
10 3
1 4
t 245
6 0
7 1
11 2
10 3
2 4
t 246
12 0
17 1
13 2
7 3
11 4
t 247
12 0
7 1
16 2
11 3
8 4
t 248
7 0
8 1
6 2
1 3
12 4
t 249
12 0
17 1
13 2
7 3
16 4
t 250
12 0
7 1
16 2
11 3
13 4
t 251
11 0
5 1
16 2
12 3
6 4
t 252
13 0
8 1
19 2
18 3
12 4
t 253
13 0
7 1
18 2
19 3
12 4
t 254
11 0
6 1
17 2
12 3
10 4
t 255
7 0
6 1
8 2
13 3
1 4
t 256
7 0
6 1
8 2
13 3
2 4
t 257
7 0
8 1
6 2
2 3
13 4
t 258
7 0
8 1
6 2
2 3
12 4
t 259
11 0
6 1
17 2
12 3
5 4
t 260
11 0
16 1
10 2
5 3
17 4
t 261
12 0
7 1
16 2
17 3
8 4
t 262
12 0
8 1
17 2
16 3
7 4
t 263
12 0
8 1
17 2
16 3
13 4
t 264
12 0
7 1
16 2
17 3
13 4
t 265
11 0
16 1
10 2
5 3
12 4
t 266
8 0
7 1
3 2
4 3
12 4
t 267
8 0
7 1
3 2
4 3
13 4
t 268
11 0
16 1
10 2
6 3
17 4
t 269
11 0
16 1
10 2
6 3
12 4
t 270
11 0
12 1
6 2
10 3
17 4
t 271
11 0
12 1
6 2
10 3
16 4
t 272
11 0
5 1
16 2
17 3
6 4
t 273
11 0
6 1
17 2
16 3
5 4
t 274
11 0
5 1
16 2
17 3
10 4
t 275
11 0
6 1
17 2
16 3
10 4
t 276
6 0
5 1
1 2
2 3
11 4
t 277
6 0
5 1
1 2
2 3
10 4
t 278
8 0
3 1
12 2
7 3
4 4
t 279
7 0
1 1
12 2
8 3
2 4
t 280
8 0
9 1
7 2
12 3
4 4
t 281
7 0
1 1
12 2
8 3
6 4
t 282
7 0
2 1
13 2
8 3
1 4
t 283
7 0
2 1
13 2
8 3
6 4
t 284
13 0
18 1
8 2
7 3
19 4
t 285
13 0
18 1
8 2
7 3
14 4
t 286
13 0
7 1
14 2
19 3
12 4
t 287
13 0
7 1
14 2
19 3
8 4
t 288
7 0
8 1
2 2
1 3
12 4
t 289
7 0
8 1
2 2
1 3
13 4
t 290
13 0
12 1
19 2
14 3
8 4
t 291
13 0
12 1
19 2
14 3
7 4
t 292
8 0
13 1
9 2
4 3
12 4
t 293
12 0
16 1
8 2
7 3
11 4
t 294
13 0
7 1
14 2
18 3
12 4
t 295
13 0
7 1
14 2
18 3
8 4
t 296
12 0
16 1
8 2
7 3
17 4
t 297
8 0
4 1
13 2
7 3
3 4
t 298
8 0
13 1
9 2
4 3
7 4
t 299
8 0
4 1
13 2
7 3
9 4
t 300
8 0
9 1
7 2
13 3
4 4
t 301
12 0
11 1
13 2
7 3
17 4
t 302
12 0
11 1
13 2
7 3
16 4
t 303
8 0
4 1
12 2
7 3
3 4
t 304
8 0
3 1
13 2
12 3
4 4
t 305
7 0
8 1
1 2
2 3
13 4
t 306
7 0
8 1
1 2
2 3
12 4
t 307
8 0
4 1
12 2
7 3
9 4
t 308
11 0
6 1
12 2
16 3
5 4
t 309
11 0
6 1
12 2
16 3
10 4
t 310
11 0
10 1
16 2
12 3
5 4
t 311
11 0
10 1
16 2
12 3
6 4
t 312
13 0
18 1
7 2
8 3
14 4
t 313
13 0
18 1
7 2
8 3
19 4
t 314
13 0
19 1
8 2
7 3
18 4
t 315
13 0
19 1
8 2
7 3
14 4
t 316
13 0
8 1
14 2
19 3
12 4
t 317
13 0
8 1
14 2
19 3
7 4
t 318
6 0
2 1
10 2
5 3
1 4
t 319
6 0
2 1
10 2
5 3
7 4
t 320
6 0
1 1
11 2
10 3
7 4
t 321
6 0
1 1
11 2
10 3
2 4
t 322
7 0
2 1
12 2
13 3
6 4
t 323
7 0
2 1
12 2
13 3
1 4
t 324
13 0
19 1
8 2
12 3
18 4
t 325
7 0
13 1
6 2
1 3
12 4
t 326
13 0
19 1
8 2
12 3
14 4
t 327
7 0
13 1
6 2
1 3
8 4
t 328
7 0
8 1
1 2
6 3
13 4
t 329
7 0
8 1
1 2
6 3
12 4
t 330
12 0
17 1
8 2
13 3
16 4
t 331
12 0
17 1
8 2
13 3
11 4
t 332
12 0
7 1
11 2
17 3
8 4
t 333
12 0
13 1
17 2
11 3
8 4
t 334
8 0
13 1
4 2
3 3
7 4
t 335
8 0
12 1
3 2
4 3
7 4
t 336
12 0
7 1
11 2
17 3
13 4
t 337
8 0
12 1
3 2
4 3
13 4
t 338
8 0
13 1
4 2
3 3
12 4
t 339
12 0
13 1
17 2
11 3
7 4
t 340
7 0
13 1
6 2
2 3
12 4
t 341
11 0
6 1
12 2
17 3
5 4
t 342
13 0
18 1
7 2
12 3
14 4
t 343
7 0
13 1
6 2
2 3
8 4
t 344
11 0
6 1
12 2
17 3
10 4
t 345
13 0
18 1
7 2
12 3
19 4
t 346
8 0
4 1
12 2
13 3
3 4
t 347
12 0
16 1
7 2
13 3
17 4
t 348
12 0
16 1
7 2
13 3
11 4
t 349
12 0
7 1
11 2
16 3
8 4
t 350
8 0
4 1
12 2
13 3
9 4
t 351
12 0
7 1
11 2
16 3
13 4
t 352
11 0
17 1
6 2
5 3
12 4
t 353
11 0
16 1
5 2
6 3
12 4
t 354
12 0
11 1
13 2
8 3
17 4
t 355
12 0
11 1
13 2
8 3
16 4
t 356
13 0
12 1
18 2
19 3
8 4
t 357
13 0
12 1
18 2
19 3
7 4
t 358
11 0
16 1
5 2
6 3
17 4
t 359
11 0
17 1
6 2
5 3
16 4
t 360
13 0
14 1
12 2
8 3
18 4
t 361
13 0
14 1
12 2
8 3
19 4
t 362
11 0
17 1
6 2
10 3
16 4
t 363
13 0
12 1
14 2
18 3
7 4
t 364
13 0
12 1
14 2
18 3
8 4
t 365
11 0
17 1
6 2
10 3
12 4
t 366
12 0
13 1
17 2
16 3
7 4
t 367
12 0
13 1
17 2
16 3
8 4
t 368
13 0
14 1
12 2
7 3
19 4
t 369
13 0
14 1
12 2
7 3
18 4
t 370
6 0
2 1
10 2
11 3
7 4
t 371
6 0
2 1
10 2
11 3
1 4
t 372
11 0
10 1
16 2
17 3
5 4
t 373
11 0
10 1
16 2
17 3
6 4
t 374
6 0
10 1
1 2
2 3
5 4
t 375
6 0
10 1
1 2
2 3
11 4
t 376
6 0
11 1
2 2
1 3
10 4
t 377
6 0
11 1
2 2
1 3
5 4
t 378
11 0
16 1
5 2
10 3
17 4
t 379
11 0
16 1
5 2
10 3
12 4
t 380
7 0
2 1
8 2
12 3
1 4
t 381
7 0
6 1
12 2
8 3
2 4
t 382
7 0
2 1
8 2
12 3
6 4
t 383
7 0
6 1
12 2
8 3
1 4
t 384
8 0
9 1
13 2
7 3
4 4
t 385
11 0
12 1
10 2
5 3
17 4
t 386
8 0
3 1
7 2
13 3
4 4
t 387
11 0
12 1
10 2
5 3
16 4
t 388
8 0
13 1
4 2
9 3
12 4
t 389
7 0
2 1
8 2
13 3
1 4
t 390
7 0
2 1
8 2
13 3
6 4
t 391
8 0
3 1
7 2
12 3
4 4
t 392
11 0
12 1
10 2
6 3
17 4
t 393
11 0
12 1
10 2
6 3
16 4
t 394
11 0
10 1
12 2
16 3
5 4
t 395
11 0
10 1
12 2
16 3
6 4
t 396
8 0
13 1
4 2
9 3
7 4
t 397
8 0
7 1
9 2
4 3
12 4
t 398
7 0
12 1
1 2
2 3
13 4
t 399
8 0
7 1
9 2
4 3
13 4
t 400
7 0
13 1
2 2
1 3
12 4
t 401
7 0
12 1
1 2
2 3
8 4
t 402
7 0
13 1
2 2
1 3
8 4
t 403
13 0
12 1
14 2
19 3
8 4
t 404
13 0
12 1
14 2
19 3
7 4
t 405
6 0
10 1
1 2
7 3
5 4
t 406
6 0
5 1
7 2
1 3
11 4
t 407
6 0
5 1
7 2
1 3
10 4
t # -1