t 0
2 0
7 1
6 2
5 3
1 4
t 1
7 0
13 1
12 2
11 3
8 4
t 2
10 0
6 1
11 2
12 3
5 4
t 3
7 0
1 1
2 2
3 3
6 4
t 4
12 0
7 1
8 2
3 3
13 4
t 5
19 0
13 1
18 2
9 3
14 4
t 6
1 0
6 1
7 2
8 3
2 4
t 7
13 0
18 1
14 2
9 3
19 4
t 8
5 0
11 1
6 2
1 3
10 4
t 9
13 0
8 1
7 2
1 3
12 4
t 10
7 0
6 1
1 2
0 3
2 4
t 11
6 0
5 1
11 2
12 3
10 4
t 12
11 0
10 1
6 2
1 3
5 4
t 13
18 0
19 1
13 2
7 3
14 4
t 14
7 0
8 1
12 2
11 3
13 4
t 15
5 0
10 1
11 2
12 3
6 4
t 16
11 0
12 1
17 2
15 3
16 4
t 17
14 0
18 1
19 2
9 3
13 4
t 18
11 0
17 1
16 2
15 3
12 4
t 19
9 0
4 1
3 2
2 3
8 4
t 20
11 0
5 1
6 2
1 3
10 4
t 21
12 0
13 1
8 2
3 3
7 4
t 22
17 0
16 1
11 2
5 3
12 4
t 23
10 0
5 1
11 2
12 3
6 4
t 24
14 0
19 1
13 2
7 3
18 4
t 25
7 0
6 1
2 2
3 3
1 4
t 26
6 0
5 1
10 2
3 3
11 4
t 27
11 0
10 1
5 2
0 3
6 4
t 28
18 0
19 1
14 2
9 3
13 4
t 29
7 0
8 1
13 2
14 3
12 4
t 30
19 0
14 1
13 2
7 3
18 4
t 31
1 0
7 1
2 2
3 3
6 4
t 32
17 0
11 1
12 2
7 3
16 4
t 33
18 0
13 1
14 2
9 3
19 4
t 34
13 0
7 1
8 2
3 3
12 4
t 35
16 0
12 1
17 2
15 3
11 4
t 36
13 0
12 1
7 2
1 3
8 4
t 37
17 0
16 1
12 2
7 3
11 4
t 38
13 0
14 1
19 2
9 3
18 4
t 39
7 0
2 1
1 2
0 3
6 4
t 40
12 0
11 1
16 2
15 3
17 4
t 41
11 0
6 1
10 2
3 3
5 4
t 42
6 0
11 1
10 2
3 3
5 4
t 43
7 0
12 1
8 2
3 3
13 4
t 44
11 0
16 1
17 2
15 3
12 4
t 45
13 0
19 1
18 2
9 3
14 4
t 46
12 0
17 1
16 2
15 3
11 4
t 47
14 0
18 1
13 2
7 3
19 4
t 48
1 0
6 1
2 2
3 3
7 4
t 49
5 0
6 1
11 2
12 3
10 4
t 50
17 0
12 1
16 2
15 3
11 4
t 51
13 0
14 1
18 2
9 3
19 4
t 52
2 0
6 1
1 2
0 3
7 4
t 53
8 0
12 1
7 2
1 3
13 4
t 54
6 0
1 1
2 2
3 3
7 4
t 55
8 0
7 1
13 2
14 3
12 4
t 56
7 0
13 1
8 2
3 3
12 4
t 57
12 0
17 1
11 2
5 3
16 4
t 58
19 0
18 1
13 2
7 3
14 4
t 59
7 0
1 1
6 2
5 3
2 4
t 60
16 0
12 1
11 2
5 3
17 4
t 61
19 0
13 1
14 2
9 3
18 4
t 62
5 0
6 1
10 2
3 3
11 4
t 63
5 0
11 1
10 2
3 3
6 4
t 64
10 0
5 1
6 2
1 3
11 4
t 65
16 0
11 1
17 2
15 3
12 4
t 66
14 0
19 1
18 2
9 3
13 4
t 67
12 0
8 1
13 2
14 3
7 4
t 68
12 0
16 1
17 2
15 3
11 4
t 69
6 0
7 1
2 2
3 3
1 4
t 70
3 0
8 1
9 2
14 3
4 4
t 71
2 0
7 1
1 2
0 3
6 4
t 72
19 0
18 1
14 2
9 3
13 4
t 73
13 0
12 1
8 2
3 3
7 4
t 74
6 0
10 1
5 2
0 3
11 4
t 75
11 0
17 1
12 2
7 3
16 4
t 76
8 0
13 1
7 2
1 3
12 4
t 77
6 0
2 1
1 2
0 3
7 4
t 78
11 0
5 1
10 2
3 3
6 4
t 79
16 0
17 1
11 2
5 3
12 4
t 80
1 0
2 1
6 2
5 3
7 4
t 81
2 0
6 1
7 2
8 3
1 4
t 82
8 0
12 1
13 2
14 3
7 4
t 83
18 0
14 1
19 2
9 3
13 4
t 84
12 0
11 1
17 2
15 3
16 4
t 85
1 0
7 1
6 2
5 3
2 4
t 86
6 0
7 1
1 2
0 3
2 4
t 87
17 0
11 1
16 2
15 3
12 4
t 88
5 0
10 1
6 2
1 3
11 4
t 89
13 0
7 1
12 2
11 3
8 4
t 90
11 0
12 1
16 2
15 3
17 4
t 91
10 0
6 1
5 2
0 3
11 4
t 92
14 0
13 1
19 2
9 3
18 4
t 93
2 0
1 1
7 2
8 3
6 4
t 94
8 0
13 1
12 2
11 3
7 4
t 95
17 0
12 1
11 2
5 3
16 4
t 96
16 0
17 1
12 2
7 3
11 4
t 97
12 0
13 1
7 2
1 3
8 4
t 98
1 0
2 1
7 2
8 3
6 4
t 99
3 0
4 1
9 2
14 3
8 4
t 100
12 0
8 1
7 2
1 3
13 4
t 101
12 0
16 1
11 2
5 3
17 4
t 102
19 0
14 1
18 2
9 3
13 4
t 103
6 0
1 1
7 2
8 3
2 4
t 104
10 0
11 1
5 2
0 3
6 4
t 105
13 0
19 1
14 2
9 3
18 4
t 106
18 0
13 1
19 2
9 3
14 4
t 107
8 0
7 1
12 2
11 3
13 4
t 108
14 0
13 1
18 2
9 3
19 4
t 109
12 0
7 1
13 2
14 3
8 4
t 110
9 0
8 1
3 2
2 3
4 4
t 111
2 0
1 1
6 2
5 3
7 4
t 112
6 0
10 1
11 2
12 3
5 4
t 113
6 0
2 1
7 2
8 3
1 4
t 114
13 0
18 1
19 2
9 3
14 4
t 115
13 0
8 1
12 2
11 3
7 4
t 116
16 0
11 1
12 2
7 3
17 4
t 117
7 0
2 1
6 2
5 3
1 4
t 118
18 0
14 1
13 2
7 3
19 4
t 119
11 0
6 1
5 2
0 3
10 4
t 120
6 0
11 1
5 2
0 3
10 4
t 121
10 0
11 1
6 2
1 3
5 4
t 122
7 0
12 1
13 2
14 3
8 4
t 123
11 0
16 1
12 2
7 3
17 4
t # -1