t 0
7 0
1 1
0 2
5 3
6 4
t 1
11 0
10 1
3 2
2 3
6 4
t 2
7 0
6 1
5 2
0 3
1 4
t 3
12 0
11 1
10 2
15 3
16 4
t 4
12 0
16 1
15 2
10 3
11 4
t 5
7 0
2 1
3 2
10 3
6 4
t 6
1 0
2 1
3 2
10 3
6 4
t 7
5 0
10 1
3 2
2 3
6 4
t 8
6 0
7 1
8 2
3 3
2 4
t 9
6 0
2 1
3 2
8 3
7 4
t 10
1 0
2 1
3 2
8 3
7 4
t 11
1 0
6 1
11 2
12 3
7 4
t 12
1 0
7 1
8 2
3 3
2 4
t 13
1 0
7 1
12 2
11 3
6 4
t 14
18 0
13 1
8 2
9 3
14 4
t 15
18 0
14 1
9 2
8 3
13 4
t 16
8 0
12 1
11 2
6 3
7 4
t 17
8 0
7 1
6 2
11 3
12 4
t 18
17 0
11 1
6 2
7 3
12 4
t 19
17 0
11 1
10 2
15 3
16 4
t 20
17 0
12 1
7 2
6 3
11 4
t 21
17 0
16 1
15 2
10 3
11 4
t 22
2 0
1 1
0 2
5 3
6 4
t 23
2 0
6 1
5 2
0 3
1 4
t 24
2 0
6 1
11 2
12 3
7 4
t 25
2 0
7 1
12 2
11 3
6 4
t 26
1 0
6 1
10 2
3 3
2 4
t 27
6 0
10 1
15 2
16 3
11 4
t 28
6 0
11 1
16 2
15 3
10 4
t 29
5 0
6 1
2 2
3 3
10 4
t 30
7 0
13 1
14 2
9 3
8 4
t 31
7 0
8 1
9 2
14 3
13 4
t 32
4 0
3 1
2 2
7 3
8 4
t 33
4 0
8 1
13 2
14 3
9 4
t 34
4 0
9 1
14 2
13 3
8 4
t 35
4 0
8 1
7 2
2 3
3 4
t 36
5 0
6 1
7 2
12 3
11 4
t 37
19 0
13 1
8 2
9 3
14 4
t 38
19 0
14 1
9 2
8 3
13 4
t 39
5 0
10 1
15 2
16 3
11 4
t 40
5 0
11 1
12 2
7 3
6 4
t 41
5 0
11 1
16 2
15 3
10 4
t 42
16 0
11 1
6 2
7 3
12 4
t 43
16 0
12 1
7 2
6 3
11 4
t 44
13 0
7 1
2 2
3 3
8 4
t 45
13 0
7 1
6 2
11 3
12 4
t 46
13 0
8 1
3 2
2 3
7 4
t 47
13 0
12 1
11 2
6 3
7 4
t 48
11 0
6 1
2 2
3 3
10 4
t 49
12 0
7 1
2 2
3 3
8 4
t 50
12 0
8 1
3 2
2 3
7 4
t 51
12 0
8 1
9 2
14 3
13 4
t 52
12 0
13 1
14 2
9 3
8 4
t 53
7 0
6 1
10 2
3 3
2 4
t 54
11 0
5 1
0 2
1 3
6 4
t 55
11 0
6 1
1 2
0 3
5 4
t 56
10 0
5 1
0 2
1 3
6 4
t 57
10 0
6 1
1 2
0 3
5 4
t 58
10 0
6 1
7 2
12 3
11 4
t 59
10 0
11 1
12 2
7 3
6 4
t # -1