t 0
8 0
7 1
14 2
19 3
13 4
t 1
8 0
12 1
19 2
14 3
13 4
t 2
16 0
11 1
13 2
8 3
12 4
t 3
13 0
12 1
3 2
4 3
8 4
t 4
1 0
6 1
8 2
12 3
7 4
t 5
7 0
2 1
5 2
11 3
6 4
t 6
8 0
7 1
14 2
18 3
13 4
t 7
12 0
13 1
6 2
2 3
7 4
t 8
4 0
9 1
7 2
13 3
8 4
t 9
14 0
19 1
12 2
7 3
13 4
t 10
12 0
7 1
19 2
14 3
13 4
t 11
1 0
6 1
8 2
13 3
7 4
t 12
16 0
17 1
8 2
13 3
12 4
t 13
5 0
11 1
1 2
2 3
6 4
t 14
4 0
3 1
12 2
7 3
8 4
t 15
12 0
8 1
1 2
6 3
7 4
t 16
12 0
13 1
6 2
1 3
7 4
t 17
14 0
19 1
12 2
8 3
13 4
t 18
4 0
9 1
7 2
12 3
8 4
t 19
18 0
14 1
12 2
8 3
13 4
t 20
5 0
6 1
17 2
12 3
11 4
t 21
17 0
12 1
10 2
6 3
11 4
t 22
16 0
17 1
6 2
10 3
11 4
t 23
18 0
14 1
12 2
7 3
13 4
t 24
5 0
10 1
2 2
1 3
6 4
t 25
17 0
12 1
10 2
5 3
11 4
t 26
8 0
12 1
19 2
18 3
13 4
t 27
12 0
13 1
4 2
3 3
8 4
t 28
1 0
7 1
11 2
10 3
6 4
t 29
6 0
5 1
12 2
16 3
11 4
t 30
2 0
6 1
8 2
12 3
7 4
t 31
17 0
16 1
5 2
10 3
11 4
t 32
10 0
5 1
17 2
12 3
11 4
t 33
19 0
14 1
12 2
7 3
13 4
t 34
12 0
8 1
18 2
14 3
13 4
t 35
11 0
16 1
13 2
7 3
12 4
t 36
6 0
10 1
17 2
12 3
11 4
t 37
6 0
5 1
12 2
17 3
11 4
t 38
17 0
16 1
7 2
13 3
12 4
t 39
2 0
6 1
8 2
13 3
7 4
t 40
11 0
10 1
1 2
2 3
6 4
t 41
7 0
12 1
19 2
14 3
13 4
t 42
19 0
14 1
12 2
8 3
13 4
t 43
12 0
7 1
19 2
18 3
13 4
t 44
16 0
17 1
6 2
5 3
11 4
t 45
11 0
16 1
13 2
8 3
12 4
t 46
17 0
11 1
13 2
8 3
12 4
t 47
8 0
13 1
16 2
11 3
12 4
t 48
1 0
6 1
12 2
13 3
7 4
t 49
13 0
12 1
1 2
2 3
7 4
t 50
5 0
11 1
1 2
7 3
6 4
t 51
16 0
11 1
13 2
7 3
12 4
t 52
13 0
8 1
16 2
11 3
12 4
t 53
18 0
19 1
8 2
12 3
13 4
t 54
13 0
7 1
17 2
16 3
12 4
t 55
10 0
5 1
17 2
16 3
11 4
t 56
2 0
7 1
11 2
10 3
6 4
t 57
19 0
18 1
12 2
7 3
13 4
t 58
13 0
8 1
16 2
17 3
12 4
t 59
10 0
11 1
2 2
1 3
6 4
t 60
11 0
5 1
7 2
1 3
6 4
t 61
14 0
18 1
7 2
8 3
13 4
t 62
6 0
10 1
17 2
16 3
11 4
t 63
5 0
10 1
17 2
12 3
11 4
t 64
14 0
19 1
8 2
7 3
13 4
t 65
19 0
14 1
8 2
12 3
13 4
t 66
12 0
17 1
10 2
6 3
11 4
t 67
7 0
12 1
19 2
18 3
13 4
t 68
10 0
6 1
16 2
12 3
11 4
t 69
17 0
11 1
7 2
8 3
12 4
t 70
19 0
18 1
12 2
8 3
13 4
t 71
1 0
2 1
8 2
13 3
7 4
t 72
12 0
13 1
2 2
1 3
7 4
t 73
12 0
17 1
10 2
5 3
11 4
t 74
2 0
6 1
12 2
13 3
7 4
t 75
13 0
12 1
1 2
6 3
7 4
t 76
1 0
7 1
11 2
5 3
6 4
t 77
7 0
1 1
11 2
5 3
6 4
t 78
18 0
14 1
8 2
7 3
13 4
t 79
7 0
13 1
16 2
11 3
12 4
t 80
17 0
12 1
6 2
5 3
11 4
t 81
13 0
7 1
9 2
4 3
8 4
t 82
7 0
8 1
11 2
16 3
12 4
t 83
13 0
8 1
6 2
2 3
7 4
t 84
8 0
13 1
16 2
17 3
12 4
t 85
19 0
14 1
8 2
7 3
13 4
t 86
7 0
8 1
11 2
17 3
12 4
t 87
1 0
6 1
12 2
8 3
7 4
t 88
1 0
2 1
8 2
12 3
7 4
t 89
12 0
13 1
2 2
6 3
7 4
t 90
9 0
4 1
12 2
7 3
8 4
t 91
5 0
10 1
17 2
16 3
11 4
t 92
4 0
9 1
13 2
12 3
8 4
t 93
10 0
5 1
7 2
1 3
6 4
t 94
13 0
8 1
6 2
1 3
7 4
t 95
11 0
5 1
7 2
2 3
6 4
t 96
12 0
13 1
4 2
9 3
8 4
t 97
16 0
12 1
10 2
5 3
11 4
t 98
2 0
1 1
5 2
10 3
6 4
t 99
11 0
10 1
1 2
7 3
6 4
t 100
6 0
1 1
13 2
8 3
7 4
t 101
16 0
12 1
10 2
6 3
11 4
t 102
12 0
8 1
18 2
19 3
13 4
t 103
12 0
7 1
9 2
4 3
8 4
t 104
2 0
1 1
5 2
11 3
6 4
t 105
2 0
7 1
11 2
5 3
6 4
t 106
7 0
12 1
9 2
4 3
8 4
t 107
14 0
19 1
7 2
12 3
13 4
t 108
17 0
12 1
5 2
10 3
11 4
t 109
5 0
10 1
16 2
17 3
11 4
t 110
13 0
8 1
11 2
16 3
12 4
t 111
6 0
1 1
12 2
8 3
7 4
t 112
12 0
16 1
6 2
10 3
11 4
t 113
18 0
19 1
12 2
7 3
13 4
t 114
18 0
14 1
7 2
12 3
13 4
t 115
4 0
9 1
12 2
7 3
8 4
t 116
10 0
11 1
1 2
7 3
6 4
t 117
6 0
2 1
13 2
8 3
7 4
t 118
8 0
12 1
14 2
19 3
13 4
t 119
16 0
12 1
5 2
6 3
11 4
t 120
13 0
7 1
4 2
3 3
8 4
t 121
12 0
7 1
14 2
19 3
13 4
t 122
11 0
16 1
8 2
7 3
12 4
t 123
2 0
1 1
8 2
12 3
7 4
t 124
7 0
13 1
9 2
4 3
8 4
t 125
12 0
13 1
1 2
6 3
7 4
t 126
6 0
10 1
12 2
16 3
11 4
t 127
12 0
7 1
14 2
18 3
13 4
t 128
7 0
1 1
10 2
11 3
6 4
t 129
7 0
2 1
11 2
10 3
6 4
t 130
2 0
1 1
8 2
13 3
7 4
t 131
2 0
6 1
13 2
8 3
7 4
t 132
18 0
19 1
12 2
8 3
13 4
t 133
7 0
12 1
14 2
18 3
13 4
t 134
14 0
19 1
7 2
8 3
13 4
t 135
13 0
7 1
4 2
9 3
8 4
t 136
17 0
12 1
5 2
6 3
11 4
t 137
6 0
10 1
12 2
17 3
11 4
t 138
11 0
17 1
7 2
8 3
12 4
t 139
11 0
16 1
8 2
13 3
12 4
t 140
18 0
14 1
7 2
8 3
13 4
t 141
8 0
7 1
16 2
11 3
12 4
t 142
13 0
12 1
9 2
4 3
8 4
t 143
7 0
12 1
14 2
19 3
13 4
t 144
6 0
1 1
12 2
13 3
7 4
t 145
1 0
2 1
11 2
10 3
6 4
t 146
6 0
2 1
13 2
12 3
7 4
t 147
5 0
11 1
7 2
1 3
6 4
t 148
8 0
7 1
18 2
14 3
13 4
t 149
5 0
11 1
7 2
2 3
6 4
t 150
8 0
13 1
11 2
17 3
12 4
t 151
12 0
7 1
4 2
3 3
8 4
t 152
10 0
5 1
12 2
16 3
11 4
t 153
5 0
10 1
12 2
16 3
11 4
t 154
12 0
17 1
5 2
6 3
11 4
t 155
1 0
2 1
13 2
12 3
7 4
t 156
13 0
8 1
11 2
17 3
12 4
t 157
8 0
12 1
2 2
1 3
7 4
t 158
8 0
13 1
11 2
16 3
12 4
t 159
19 0
14 1
7 2
12 3
13 4
t 160
10 0
5 1
12 2
17 3
11 4
t 161
16 0
11 1
8 2
13 3
12 4
t 162
11 0
5 1
2 2
1 3
6 4
t 163
5 0
10 1
12 2
17 3
11 4
t 164
17 0
16 1
5 2
6 3
11 4
t 165
6 0
5 1
16 2
12 3
11 4
t 166
8 0
7 1
18 2
19 3
13 4
t 167
3 0
4 1
13 2
12 3
8 4
t 168
12 0
7 1
4 2
9 3
8 4
t 169
11 0
17 1
7 2
13 3
12 4
t 170
1 0
2 1
11 2
5 3
6 4
t 171
18 0
19 1
8 2
7 3
13 4
t 172
11 0
10 1
7 2
1 3
6 4
t 173
7 0
12 1
4 2
3 3
8 4
t 174
1 0
7 1
5 2
11 3
6 4
t 175
7 0
8 1
19 2
14 3
13 4
t 176
2 0
1 1
10 2
11 3
6 4
t 177
11 0
5 1
2 2
7 3
6 4
t 178
11 0
10 1
7 2
2 3
6 4
t 179
7 0
13 1
11 2
17 3
12 4
t 180
8 0
7 1
16 2
17 3
12 4
t 181
13 0
8 1
1 2
2 3
7 4
t 182
7 0
8 1
17 2
11 3
12 4
t 183
9 0
4 1
7 2
12 3
8 4
t 184
7 0
13 1
11 2
16 3
12 4
t 185
17 0
11 1
13 2
7 3
12 4
t 186
19 0
18 1
7 2
12 3
13 4
t 187
12 0
17 1
5 2
10 3
11 4
t 188
1 0
2 1
13 2
8 3
7 4
t 189
10 0
5 1
2 2
1 3
6 4
t 190
8 0
12 1
2 2
6 3
7 4
t 191
16 0
17 1
8 2
7 3
12 4
t 192
2 0
1 1
12 2
13 3
7 4
t 193
1 0
7 1
5 2
10 3
6 4
t 194
4 0
3 1
12 2
13 3
8 4
t 195
2 0
7 1
5 2
11 3
6 4
t 196
6 0
1 1
8 2
12 3
7 4
t 197
13 0
7 1
17 2
11 3
12 4
t 198
7 0
12 1
4 2
9 3
8 4
t 199
10 0
5 1
2 2
7 3
6 4
t 200
6 0
5 1
16 2
17 3
11 4
t 201
8 0
13 1
1 2
2 3
7 4
t 202
3 0
4 1
13 2
7 3
8 4
t 203
6 0
1 1
8 2
13 3
7 4
t 204
16 0
17 1
10 2
5 3
11 4
t 205
16 0
12 1
5 2
10 3
11 4
t 206
9 0
4 1
7 2
13 3
8 4
t 207
7 0
8 1
19 2
18 3
13 4
t 208
17 0
16 1
7 2
8 3
12 4
t 209
5 0
10 1
2 2
7 3
6 4
t 210
12 0
8 1
1 2
2 3
7 4
t 211
13 0
8 1
1 2
6 3
7 4
t 212
16 0
17 1
10 2
6 3
11 4
t 213
5 0
6 1
17 2
16 3
11 4
t 214
8 0
13 1
1 2
6 3
7 4
t 215
2 0
1 1
12 2
8 3
7 4
t 216
7 0
13 1
3 2
4 3
8 4
t 217
19 0
18 1
7 2
8 3
13 4
t 218
2 0
7 1
5 2
10 3
6 4
t 219
7 0
8 1
17 2
16 3
12 4
t 220
2 0
1 1
10 2
5 3
6 4
t 221
7 0
2 1
5 2
10 3
6 4
t 222
7 0
13 1
4 2
9 3
8 4
t 223
10 0
11 1
7 2
2 3
6 4
t 224
6 0
2 1
8 2
13 3
7 4
t 225
7 0
8 1
18 2
19 3
13 4
t 226
5 0
6 1
16 2
12 3
11 4
t 227
16 0
17 1
5 2
6 3
11 4
t 228
2 0
1 1
13 2
8 3
7 4
t 229
5 0
10 1
1 2
2 3
6 4
t 230
13 0
12 1
2 2
1 3
7 4
t 231
13 0
8 1
17 2
11 3
12 4
t 232
2 0
1 1
11 2
5 3
6 4
t 233
18 0
19 1
7 2
12 3
13 4
t 234
8 0
12 1
18 2
14 3
13 4
t 235
7 0
8 1
16 2
17 3
12 4
t 236
1 0
7 1
10 2
11 3
6 4
t 237
13 0
7 1
16 2
11 3
12 4
t 238
10 0
5 1
1 2
7 3
6 4
t 239
10 0
11 1
7 2
1 3
6 4
t 240
13 0
12 1
4 2
3 3
8 4
t 241
16 0
17 1
7 2
13 3
12 4
t 242
4 0
3 1
13 2
7 3
8 4
t 243
8 0
13 1
17 2
11 3
12 4
t 244
8 0
7 1
11 2
17 3
12 4
t 245
12 0
16 1
10 2
6 3
11 4
t 246
13 0
12 1
2 2
6 3
7 4
t 247
5 0
11 1
2 2
7 3
6 4
t 248
13 0
8 1
17 2
16 3
12 4
t 249
13 0
7 1
16 2
17 3
12 4
t 250
12 0
16 1
10 2
5 3
11 4
t 251
8 0
7 1
11 2
16 3
12 4
t 252
18 0
19 1
7 2
8 3
13 4
t 253
13 0
12 1
4 2
9 3
8 4
t 254
2 0
7 1
10 2
11 3
6 4
t 255
14 0
18 1
12 2
7 3
13 4
t 256
11 0
10 1
2 2
1 3
6 4
t 257
12 0
8 1
19 2
14 3
13 4
t 258
16 0
17 1
7 2
8 3
12 4
t 259
6 0
10 1
16 2
12 3
11 4
t 260
14 0
18 1
12 2
8 3
13 4
t 261
12 0
7 1
18 2
14 3
13 4
t 262
7 0
12 1
18 2
14 3
13 4
t 263
7 0
8 1
14 2
18 3
13 4
t 264
11 0
10 1
2 2
7 3
6 4
t 265
1 0
2 1
5 2
10 3
6 4
t 266
11 0
17 1
13 2
8 3
12 4
t 267
7 0
8 1
14 2
19 3
13 4
t 268
1 0
7 1
10 2
5 3
6 4
t 269
12 0
13 1
3 2
4 3
8 4
t 270
16 0
11 1
8 2
7 3
12 4
t 271
8 0
12 1
18 2
19 3
13 4
t 272
7 0
13 1
17 2
11 3
12 4
t 273
1 0
2 1
5 2
11 3
6 4
t 274
17 0
11 1
8 2
13 3
12 4
t 275
4 0
9 1
12 2
13 3
8 4
t 276
12 0
8 1
19 2
18 3
13 4
t 277
12 0
7 1
18 2
19 3
13 4
t 278
10 0
5 1
16 2
12 3
11 4
t 279
17 0
16 1
13 2
8 3
12 4
t 280
3 0
4 1
7 2
13 3
8 4
t 281
14 0
18 1
8 2
12 3
13 4
t 282
1 0
6 1
13 2
12 3
7 4
t 283
9 0
4 1
13 2
7 3
8 4
t 284
5 0
10 1
16 2
12 3
11 4
t 285
8 0
13 1
17 2
16 3
12 4
t 286
10 0
6 1
17 2
12 3
11 4
t 287
19 0
14 1
7 2
8 3
13 4
t 288
17 0
16 1
13 2
7 3
12 4
t 289
11 0
17 1
13 2
7 3
12 4
t 290
3 0
4 1
7 2
12 3
8 4
t 291
10 0
11 1
1 2
2 3
6 4
t 292
6 0
10 1
16 2
17 3
11 4
t 293
5 0
10 1
7 2
2 3
6 4
t 294
16 0
17 1
5 2
10 3
11 4
t 295
17 0
11 1
8 2
7 3
12 4
t 296
7 0
12 1
18 2
19 3
13 4
t 297
12 0
16 1
6 2
5 3
11 4
t 298
7 0
1 1
10 2
5 3
6 4
t 299
2 0
7 1
10 2
5 3
6 4
t 300
5 0
10 1
7 2
1 3
6 4
t 301
7 0
2 1
11 2
5 3
6 4
t 302
14 0
18 1
8 2
7 3
13 4
t 303
8 0
12 1
6 2
2 3
7 4
t 304
8 0
12 1
14 2
18 3
13 4
t 305
9 0
4 1
13 2
12 3
8 4
t 306
7 0
13 1
17 2
16 3
12 4
t 307
1 0
6 1
13 2
8 3
7 4
t 308
12 0
13 1
1 2
2 3
7 4
t 309
10 0
5 1
16 2
17 3
11 4
t 310
10 0
6 1
17 2
16 3
11 4
t 311
8 0
12 1
6 2
1 3
7 4
t 312
2 0
6 1
13 2
12 3
7 4
t 313
1 0
2 1
10 2
11 3
6 4
t 314
19 0
18 1
8 2
7 3
13 4
t 315
8 0
13 1
6 2
1 3
7 4
t 316
12 0
8 1
14 2
18 3
13 4
t 317
12 0
8 1
6 2
2 3
7 4
t 318
7 0
1 1
11 2
10 3
6 4
t 319
7 0
2 1
10 2
5 3
6 4
t 320
12 0
8 1
6 2
1 3
7 4
t 321
16 0
17 1
13 2
7 3
12 4
t 322
11 0
17 1
8 2
7 3
12 4
t 323
16 0
11 1
7 2
13 3
12 4
t 324
11 0
16 1
7 2
8 3
12 4
t 325
2 0
6 1
12 2
8 3
7 4
t 326
7 0
13 1
16 2
17 3
12 4
t 327
1 0
2 1
12 2
13 3
7 4
t 328
12 0
16 1
5 2
6 3
11 4
t 329
12 0
17 1
6 2
5 3
11 4
t 330
13 0
7 1
11 2
17 3
12 4
t 331
6 0
1 1
13 2
12 3
7 4
t 332
10 0
6 1
16 2
17 3
11 4
t 333
10 0
5 1
7 2
2 3
6 4
t 334
4 0
3 1
7 2
13 3
8 4
t 335
16 0
17 1
13 2
8 3
12 4
t 336
10 0
11 1
2 2
7 3
6 4
t 337
4 0
9 1
13 2
7 3
8 4
t 338
8 0
7 1
17 2
11 3
12 4
t 339
13 0
7 1
11 2
16 3
12 4
t 340
6 0
2 1
12 2
8 3
7 4
t 341
4 0
3 1
7 2
12 3
8 4
t 342
8 0
13 1
6 2
2 3
7 4
t 343
16 0
12 1
6 2
10 3
11 4
t 344
5 0
6 1
12 2
17 3
11 4
t 345
8 0
7 1
19 2
14 3
13 4
t 346
9 0
4 1
12 2
13 3
8 4
t 347
17 0
11 1
7 2
13 3
12 4
t 348
16 0
11 1
7 2
8 3
12 4
t 349
5 0
6 1
12 2
16 3
11 4
t 350
14 0
18 1
7 2
12 3
13 4
t 351
13 0
8 1
2 2
1 3
7 4
t 352
3 0
4 1
12 2
13 3
8 4
t 353
12 0
17 1
6 2
10 3
11 4
t 354
10 0
6 1
12 2
16 3
11 4
t 355
14 0
19 1
8 2
12 3
13 4
t 356
17 0
12 1
6 2
10 3
11 4
t 357
12 0
16 1
5 2
10 3
11 4
t 358
17 0
16 1
10 2
6 3
11 4
t 359
1 0
2 1
10 2
5 3
6 4
t 360
7 0
2 1
10 2
11 3
6 4
t 361
16 0
12 1
6 2
5 3
11 4
t 362
18 0
14 1
8 2
12 3
13 4
t 363
6 0
5 1
17 2
12 3
11 4
t 364
13 0
7 1
3 2
4 3
8 4
t 365
8 0
7 1
19 2
18 3
13 4
t 366
12 0
8 1
14 2
19 3
13 4
t 367
17 0
16 1
10 2
5 3
11 4
t 368
6 0
2 1
12 2
13 3
7 4
t 369
13 0
8 1
2 2
6 3
7 4
t 370
8 0
13 1
2 2
1 3
7 4
t 371
8 0
12 1
1 2
2 3
7 4
t 372
13 0
12 1
6 2
2 3
7 4
t 373
8 0
7 1
17 2
16 3
12 4
t 374
12 0
8 1
2 2
1 3
7 4
t 375
1 0
2 1
12 2
8 3
7 4
t 376
13 0
12 1
6 2
1 3
7 4
t 377
6 0
5 1
17 2
16 3
11 4
t 378
17 0
16 1
6 2
10 3
11 4
t 379
10 0
6 1
12 2
17 3
11 4
t 380
2 0
1 1
11 2
10 3
6 4
t 381
11 0
16 1
7 2
13 3
12 4
t 382
11 0
5 1
1 2
2 3
6 4
t 383
3 0
4 1
12 2
7 3
8 4
t 384
12 0
7 1
3 2
4 3
8 4
t 385
17 0
16 1
8 2
13 3
12 4
t 386
7 0
8 1
18 2
14 3
13 4
t 387
5 0
6 1
16 2
17 3
11 4
t 388
11 0
17 1
8 2
13 3
12 4
t 389
7 0
12 1
3 2
4 3
8 4
t 390
7 0
13 1
4 2
3 3
8 4
t 391
5 0
10 1
1 2
7 3
6 4
t 392
12 0
8 1
2 2
6 3
7 4
t 393
7 0
8 1
16 2
11 3
12 4
t 394
8 0
13 1
2 2
6 3
7 4
t 395
2 0
1 1
13 2
12 3
7 4
t 396
7 0
1 1
5 2
10 3
6 4
t 397
19 0
18 1
8 2
12 3
13 4
t 398
17 0
16 1
8 2
7 3
12 4
t 399
12 0
13 1
9 2
4 3
8 4
t 400
8 0
12 1
1 2
6 3
7 4
t 401
7 0
1 1
5 2
11 3
6 4
t 402
10 0
5 1
1 2
2 3
6 4
t 403
5 0
11 1
2 2
1 3
6 4
t 404
4 0
3 1
13 2
12 3
8 4
t 405
17 0
16 1
6 2
5 3
11 4
t 406
6 0
2 1
8 2
12 3
7 4
t 407
11 0
5 1
1 2
7 3
6 4
t # -1