t 0
19 0
9 1
13 2
7 3
14 4
18 5
t 1
13 0
3 1
7 2
1 3
12 4
8 5
t 2
17 0
5 1
12 2
7 3
16 4
11 5
t 3
10 0
0 1
11 2
12 3
6 4
5 5
t 4
1 0
3 1
6 2
5 3
7 4
2 5
t 5
18 0
7 1
14 2
9 3
19 4
13 5
t 6
10 0
12 1
6 2
1 3
5 4
11 5
t 7
5 0
1 1
11 2
12 3
10 4
6 5
t 8
11 0
15 1
17 2
10 3
12 4
16 5
t 9
14 0
9 1
13 2
7 3
18 4
19 5
t 10
6 0
1 1
10 2
3 3
5 4
11 5
t 11
14 0
9 1
19 2
4 3
18 4
13 5
t 12
7 0
8 1
2 2
3 3
6 4
1 5
t 13
7 0
1 1
12 2
11 3
8 4
13 5
t 14
14 0
9 1
13 2
7 3
19 4
18 5
t 15
2 0
8 1
6 2
5 3
1 4
7 5
t 16
19 0
9 1
14 2
4 3
13 4
18 5
t 17
7 0
1 1
13 2
14 3
8 4
12 5
t 18
5 0
0 1
6 2
1 3
11 4
10 5
t 19
16 0
15 1
11 2
5 3
12 4
17 5
t 20
13 0
14 1
8 2
3 3
7 4
12 5
t 21
10 0
12 1
5 2
0 3
6 4
11 5
t 22
8 0
3 1
13 2
14 3
12 4
7 5
t 23
16 0
15 1
17 2
10 3
11 4
12 5
t 24
1 0
5 1
7 2
8 3
2 4
6 5
t 25
10 0
1 1
11 2
12 3
5 4
6 5
t 26
5 0
0 1
6 2
1 3
10 4
11 5
t 27
11 0
5 1
16 2
15 3
12 4
17 5
t 28
18 0
9 1
13 2
7 3
19 4
14 5
t 29
16 0
15 1
17 2
10 3
12 4
11 5
t 30
11 0
0 1
6 2
1 3
10 4
5 5
t 31
7 0
3 1
12 2
11 3
13 4
8 5
t 32
8 0
3 1
7 2
1 3
12 4
13 5
t 33
5 0
0 1
11 2
12 3
6 4
10 5
t 34
8 0
3 1
12 2
11 3
13 4
7 5
t 35
13 0
7 1
18 2
1 3
14 4
19 5
t 36
13 0
1 1
8 2
3 3
12 4
7 5
t 37
18 0
9 1
14 2
4 3
13 4
19 5
t 38
6 0
8 1
2 2
3 3
1 4
7 5
t 39
8 0
3 1
7 2
1 3
13 4
12 5
t 40
1 0
8 1
6 2
5 3
2 4
7 5
t 41
6 0
5 1
7 2
8 3
2 4
1 5
t 42
7 0
3 1
13 2
14 3
12 4
8 5
t 43
6 0
1 1
11 2
12 3
5 4
10 5
t 44
18 0
7 1
19 2
1 3
14 4
13 5
t 45
7 0
8 1
6 2
5 3
1 4
2 5
t 46
5 0
1 1
10 2
3 3
11 4
6 5
t 47
19 0
7 1
18 2
1 3
14 4
13 5
t 48
11 0
1 1
5 2
0 3
10 4
6 5
t 49
6 0
5 1
7 2
8 3
1 4
2 5
t 50
12 0
1 1
8 2
3 3
13 4
7 5
t 51
10 0
1 1
5 2
0 3
11 4
6 5
t 52
18 0
9 1
13 2
7 3
14 4
19 5
t 53
6 0
8 1
1 2
0 3
2 4
7 5
t 54
18 0
9 1
19 2
4 3
13 4
14 5
t 55
19 0
9 1
18 2
4 3
13 4
14 5
t 56
2 0
8 1
1 2
0 3
6 4
7 5
t 57
11 0
12 1
6 2
1 3
5 4
10 5
t 58
17 0
5 1
16 2
15 3
12 4
11 5
t 59
7 0
1 1
8 2
3 3
13 4
12 5
t 60
12 0
7 1
16 2
15 3
17 4
11 5
t 61
2 0
3 1
6 2
5 3
7 4
1 5
t 62
7 0
8 1
1 2
0 3
2 4
6 5
t 63
2 0
5 1
1 2
0 3
7 4
6 5
t 64
17 0
7 1
16 2
15 3
11 4
12 5
t 65
12 0
1 1
13 2
14 3
8 4
7 5
t 66
8 0
3 1
13 2
14 3
7 4
12 5
t 67
7 0
1 1
8 2
3 3
12 4
13 5
t 68
7 0
8 1
6 2
5 3
2 4
1 5
t 69
6 0
1 1
11 2
12 3
10 4
5 5
t 70
12 0
14 1
8 2
3 3
7 4
13 5
t 71
13 0
9 1
18 2
4 3
19 4
14 5
t 72
16 0
15 1
12 2
7 3
17 4
11 5
t 73
11 0
12 1
5 2
0 3
6 4
10 5
t 74
13 0
7 1
19 2
1 3
14 4
18 5
t 75
12 0
15 1
11 2
5 3
17 4
16 5
t 76
12 0
3 1
7 2
1 3
13 4
8 5
t 77
8 0
3 1
12 2
11 3
7 4
13 5
t 78
10 0
0 1
6 2
1 3
11 4
5 5
t 79
12 0
7 1
17 2
1 3
16 4
11 5
t 80
2 0
3 1
7 2
8 3
6 4
1 5
t 81
17 0
15 1
11 2
5 3
12 4
16 5
t 82
7 0
8 1
2 2
3 3
1 4
6 5
t 83
6 0
1 1
5 2
0 3
11 4
10 5
t 84
11 0
15 1
12 2
7 3
17 4
16 5
t 85
6 0
5 1
1 2
0 3
7 4
2 5
t 86
14 0
9 1
18 2
4 3
13 4
19 5
t 87
12 0
7 1
11 2
5 3
16 4
17 5
t 88
5 0
0 1
10 2
3 3
6 4
11 5
t 89
11 0
0 1
10 2
3 3
6 4
5 5
t 90
11 0
5 1
12 2
7 3
16 4
17 5
t 91
6 0
1 1
10 2
3 3
11 4
5 5
t 92
6 0
1 1
5 2
0 3
10 4
11 5
t 93
13 0
7 1
14 2
9 3
19 4
18 5
t 94
16 0
15 1
12 2
7 3
11 4
17 5
t 95
13 0
14 1
7 2
1 3
8 4
12 5
t 96
17 0
15 1
12 2
7 3
11 4
16 5
t 97
7 0
8 1
1 2
0 3
6 4
2 5
t 98
11 0
1 1
10 2
3 3
5 4
6 5
t 99
1 0
5 1
2 2
3 3
7 4
6 5
t 100
13 0
7 1
14 2
9 3
18 4
19 5
t 101
13 0
1 1
12 2
11 3
8 4
7 5
t 102
11 0
7 1
17 2
1 3
16 4
12 5
t 103
2 0
5 1
7 2
8 3
1 4
6 5
t 104
1 0
8 1
2 2
3 3
6 4
7 5
t 105
12 0
7 1
16 2
15 3
11 4
17 5
t 106
19 0
9 1
13 2
7 3
18 4
14 5
t 107
14 0
9 1
19 2
4 3
13 4
18 5
t 108
13 0
3 1
12 2
11 3
7 4
8 5
t 109
12 0
3 1
13 2
14 3
7 4
8 5
t 110
1 0
3 1
7 2
8 3
6 4
2 5
t 111
12 0
15 1
17 2
10 3
11 4
16 5
t 112
19 0
7 1
14 2
9 3
18 4
13 5
t 113
16 0
15 1
11 2
5 3
17 4
12 5
t 114
14 0
9 1
18 2
4 3
19 4
13 5
t 115
11 0
7 1
16 2
15 3
17 4
12 5
t 116
17 0
7 1
11 2
5 3
16 4
12 5
t 117
6 0
5 1
2 2
3 3
7 4
1 5
t 118
12 0
14 1
7 2
1 3
8 4
13 5
t 119
13 0
9 1
19 2
4 3
18 4
14 5
t # -1