t 0
18 0
19 1
14 2
13 3
7 4
1 5
t 1
6 0
1 1
2 2
7 3
8 4
3 5
t 2
17 0
11 1
12 2
16 3
15 4
10 5
t 3
12 0
8 1
7 2
13 3
14 4
1 5
t 4
2 0
7 1
6 2
1 3
3 4
5 5
t 5
12 0
7 1
13 2
8 3
3 4
2 5
t 6
10 0
5 1
6 2
11 3
12 4
1 5
t 7
16 0
12 1
11 2
17 3
15 4
10 5
t 8
6 0
11 1
10 2
5 3
1 4
3 5
t 9
13 0
7 1
8 2
12 3
14 4
3 5
t 10
13 0
12 1
7 2
8 3
3 4
1 5
t 11
7 0
8 1
13 2
12 3
1 4
14 5
t 12
10 0
11 1
6 2
5 3
0 4
1 5
t 13
19 0
14 1
13 2
18 3
9 4
4 5
t 14
8 0
13 1
7 2
12 3
3 4
1 5
t 15
17 0
12 1
16 2
11 3
5 4
0 5
t 16
7 0
2 1
1 2
6 3
8 4
3 5
t 17
12 0
16 1
17 2
11 3
7 4
1 5
t 18
14 0
13 1
19 2
18 3
9 4
4 5
t 19
7 0
13 1
12 2
8 3
3 4
2 5
t 20
13 0
8 1
12 2
7 3
1 4
11 5
t 21
11 0
17 1
16 2
12 3
7 4
1 5
t 22
13 0
14 1
18 2
19 3
7 4
1 5
t 23
11 0
6 1
5 2
10 3
12 4
0 5
t 24
8 0
12 1
13 2
7 3
3 4
2 5
t 25
6 0
7 1
2 2
1 3
5 4
0 5
t 26
6 0
5 1
11 2
10 3
1 4
12 5
t 27
2 0
1 1
7 2
6 3
5 4
8 5
t 28
17 0
16 1
12 2
11 3
5 4
0 5
t 29
13 0
18 1
14 2
19 3
7 4
1 5
t 30
10 0
11 1
5 2
6 3
1 4
0 5
t 31
11 0
16 1
12 2
17 3
5 4
0 5
t 32
12 0
13 1
7 2
8 3
3 4
1 5
t 33
16 0
17 1
11 2
12 3
15 4
10 5
t 34
18 0
19 1
13 2
14 3
9 4
4 5
t 35
1 0
7 1
2 2
6 3
5 4
0 5
t 36
5 0
11 1
6 2
10 3
0 4
1 5
t 37
14 0
18 1
19 2
13 3
9 4
4 5
t 38
8 0
7 1
12 2
13 3
3 4
2 5
t 39
14 0
19 1
13 2
18 3
9 4
4 5
t 40
7 0
13 1
8 2
12 3
1 4
3 5
t 41
12 0
17 1
11 2
16 3
15 4
10 5
t 42
12 0
11 1
16 2
17 3
7 4
1 5
t 43
13 0
19 1
14 2
18 3
7 4
1 5
t 44
11 0
17 1
12 2
16 3
15 4
10 5
t 45
14 0
13 1
18 2
19 3
9 4
4 5
t 46
2 0
6 1
1 2
7 3
8 4
3 5
t 47
8 0
12 1
7 2
13 3
3 4
1 5
t 48
5 0
10 1
6 2
11 3
0 4
1 5
t 49
16 0
11 1
12 2
17 3
15 4
10 5
t 50
6 0
10 1
5 2
11 3
1 4
0 5
t 51
1 0
6 1
2 2
7 3
8 4
3 5
t 52
11 0
12 1
17 2
16 3
15 4
10 5
t 53
18 0
13 1
14 2
19 3
9 4
4 5
t 54
2 0
1 1
6 2
7 3
8 4
3 5
t 55
6 0
7 1
1 2
2 3
5 4
0 5
t 56
13 0
14 1
19 2
18 3
7 4
1 5
t 57
14 0
18 1
13 2
19 3
9 4
4 5
t 58
12 0
16 1
11 2
17 3
7 4
1 5
t 59
6 0
5 1
10 2
11 3
1 4
3 5
t 60
7 0
12 1
8 2
13 3
1 4
3 5
t 61
10 0
5 1
11 2
6 3
1 4
12 5
t 62
1 0
2 1
7 2
6 3
5 4
8 5
t 63
11 0
10 1
5 2
6 3
1 4
0 5
t 64
6 0
1 1
7 2
2 3
5 4
8 5
t 65
12 0
7 1
8 2
13 3
14 4
3 5
t 66
5 0
6 1
11 2
10 3
0 4
12 5
t 67
11 0
5 1
6 2
10 3
12 4
1 5
t 68
18 0
14 1
13 2
19 3
9 4
4 5
t 69
8 0
13 1
12 2
7 3
3 4
2 5
t 70
17 0
12 1
11 2
16 3
15 4
10 5
t 71
7 0
1 1
2 2
6 3
8 4
3 5
t 72
19 0
14 1
18 2
13 3
7 4
1 5
t 73
2 0
7 1
1 2
6 3
5 4
0 5
t 74
12 0
13 1
8 2
7 3
1 4
3 5
t 75
1 0
7 1
6 2
2 3
3 4
5 5
t 76
16 0
17 1
12 2
11 3
15 4
10 5
t 77
6 0
11 1
5 2
10 3
1 4
0 5
t 78
5 0
11 1
10 2
6 3
1 4
3 5
t 79
7 0
6 1
1 2
2 3
8 4
3 5
t 80
11 0
6 1
10 2
5 3
0 4
3 5
t 81
6 0
2 1
7 2
1 3
5 4
8 5
t 82
12 0
11 1
17 2
16 3
15 4
10 5
t 83
11 0
12 1
16 2
17 3
5 4
0 5
t 84
7 0
2 1
6 2
1 3
8 4
3 5
t 85
6 0
10 1
11 2
5 3
1 4
12 5
t 86
8 0
7 1
13 2
12 3
3 4
2 5
t 87
13 0
19 1
18 2
14 3
9 4
4 5
t 88
13 0
8 1
7 2
12 3
14 4
1 5
t 89
2 0
6 1
7 2
1 3
3 4
8 5
t 90
19 0
18 1
14 2
13 3
7 4
1 5
t 91
19 0
13 1
14 2
18 3
9 4
4 5
t 92
17 0
11 1
16 2
12 3
7 4
1 5
t 93
13 0
12 1
8 2
7 3
1 4
3 5
t 94
11 0
5 1
10 2
6 3
1 4
3 5
t 95
11 0
10 1
6 2
5 3
0 4
1 5
t 96
13 0
7 1
12 2
8 3
3 4
2 5
t 97
7 0
6 1
2 2
1 3
8 4
3 5
t 98
16 0
12 1
17 2
11 3
15 4
10 5
t 99
11 0
16 1
17 2
12 3
7 4
1 5
t 100
1 0
2 1
6 2
7 3
8 4
3 5
t 101
18 0
14 1
19 2
13 3
7 4
1 5
t 102
13 0
18 1
19 2
14 3
9 4
4 5
t 103
7 0
1 1
6 2
2 3
8 4
3 5
t 104
12 0
8 1
13 2
7 3
1 4
14 5
t 105
10 0
6 1
11 2
5 3
0 4
12 5
t 106
5 0
6 1
10 2
11 3
0 4
3 5
t 107
7 0
8 1
12 2
13 3
1 4
11 5
t 108
1 0
6 1
7 2
2 3
3 4
8 5
t 109
5 0
10 1
11 2
6 3
1 4
12 5
t 110
7 0
12 1
13 2
8 3
3 4
2 5
t 111
17 0
16 1
11 2
12 3
7 4
1 5
t 112
19 0
18 1
13 2
14 3
9 4
4 5
t 113
12 0
17 1
16 2
11 3
7 4
1 5
t 114
14 0
19 1
18 2
13 3
9 4
4 5
t 115
16 0
11 1
17 2
12 3
15 4
10 5
t 116
6 0
2 1
1 2
7 3
8 4
3 5
t 117
19 0
13 1
18 2
14 3
9 4
4 5
t 118
18 0
13 1
19 2
14 3
9 4
4 5
t 119
10 0
6 1
5 2
11 3
12 4
0 5
t # -1