t 0
14 0
12 1
13 2
18 3
7 4
8 5
t 1
15 0
12 1
17 2
7 3
11 4
16 5
t 2
7 0
17 1
12 2
8 3
16 4
11 5
t 3
3 0
6 1
10 2
1 3
5 4
11 5
t 4
0 0
10 1
5 2
3 3
6 4
11 5
t 5
0 0
11 1
5 2
12 3
10 4
6 5
t 6
3 0
7 1
2 2
8 3
1 4
6 5
t 7
7 0
16 1
12 2
15 3
11 4
17 5
t 8
14 0
12 1
13 2
18 3
8 4
7 5
t 9
12 0
10 1
11 2
16 3
5 4
6 5
t 10
11 0
8 1
12 2
3 3
7 4
13 5
t 11
1 0
12 1
7 2
2 3
8 4
13 5
t 12
1 0
13 1
7 2
2 3
12 4
8 5
t 13
9 0
18 1
14 2
4 3
13 4
19 5
t 14
9 0
14 1
18 2
4 3
19 4
13 5
t 15
12 0
10 1
11 2
16 3
6 4
5 5
t 16
9 0
18 1
19 2
4 3
14 4
13 5
t 17
1 0
10 1
6 2
2 3
5 4
11 5
t 18
5 0
16 1
11 2
15 3
12 4
17 5
t 19
3 0
13 1
8 2
4 3
12 4
7 5
t 20
15 0
12 1
16 2
7 3
17 4
11 5
t 21
0 0
7 1
1 2
8 3
2 4
6 5
t 22
9 0
13 1
18 2
7 3
14 4
19 5
t 23
5 0
2 1
6 2
10 3
1 4
7 5
t 24
9 0
18 1
19 2
4 3
13 4
14 5
t 25
15 0
16 1
17 2
10 3
12 4
11 5
t 26
9 0
14 1
19 2
4 3
13 4
18 5
t 27
3 0
12 1
8 2
4 3
7 4
13 5
t 28
5 0
17 1
11 2
6 3
16 4
12 5
t 29
1 0
11 1
6 2
2 3
10 4
5 5
t 30
7 0
18 1
13 2
8 3
14 4
19 5
t 31
15 0
11 1
16 2
5 3
12 4
17 5
t 32
15 0
16 1
17 2
10 3
11 4
12 5
t 33
3 0
6 1
2 2
5 3
1 4
7 5
t 34
9 0
14 1
18 2
4 3
13 4
19 5
t 35
0 0
11 1
5 2
12 3
6 4
10 5
t 36
11 0
8 1
12 2
3 3
13 4
7 5
t 37
3 0
5 1
10 2
0 3
6 4
11 5
t 38
7 0
17 1
12 2
8 3
11 4
16 5
t 39
1 0
13 1
7 2
2 3
8 4
12 5
t 40
8 0
2 1
7 2
12 3
1 4
6 5
t 41
3 0
7 1
2 2
8 3
6 4
1 5
t 42
3 0
6 1
10 2
1 3
11 4
5 5
t 43
11 0
7 1
12 2
1 3
8 4
13 5
t 44
0 0
6 1
1 2
5 3
2 4
7 5
t 45
9 0
19 1
18 2
4 3
13 4
14 5
t 46
14 0
8 1
13 2
3 3
7 4
12 5
t 47
1 0
11 1
6 2
2 3
5 4
10 5
t 48
0 0
7 1
1 2
8 3
6 4
2 5
t 49
5 0
17 1
11 2
6 3
12 4
16 5
t 50
5 0
2 1
6 2
10 3
7 4
1 5
t 51
15 0
12 1
16 2
7 3
11 4
17 5
t 52
5 0
1 1
6 2
10 3
2 4
7 5
t 53
9 0
19 1
18 2
4 3
14 4
13 5
t 54
8 0
6 1
7 2
12 3
1 4
2 5
t 55
12 0
6 1
11 2
1 3
5 4
10 5
t 56
8 0
6 1
7 2
12 3
2 4
1 5
t 57
3 0
13 1
8 2
4 3
7 4
12 5
t 58
9 0
13 1
19 2
7 3
18 4
14 5
t 59
7 0
19 1
13 2
8 3
14 4
18 5
t 60
15 0
17 1
16 2
10 3
12 4
11 5
t 61
0 0
2 1
1 2
3 3
6 4
7 5
t 62
8 0
2 1
7 2
12 3
6 4
1 5
t 63
11 0
7 1
12 2
1 3
13 4
8 5
t 64
15 0
17 1
16 2
10 3
11 4
12 5
t 65
15 0
11 1
17 2
5 3
16 4
12 5
t 66
0 0
2 1
1 2
3 3
7 4
6 5
t 67
3 0
6 1
2 2
5 3
7 4
1 5
t 68
3 0
5 1
10 2
0 3
11 4
6 5
t 69
8 0
1 1
7 2
12 3
2 4
6 5
t 70
1 0
8 1
7 2
3 3
13 4
12 5
t 71
9 0
19 1
14 2
4 3
13 4
18 5
t 72
9 0
13 1
14 2
7 3
19 4
18 5
t 73
0 0
6 1
5 2
1 3
10 4
11 5
t 74
11 0
13 1
12 2
14 3
8 4
7 5
t 75
9 0
13 1
14 2
7 3
18 4
19 5
t 76
3 0
11 1
10 2
12 3
5 4
6 5
t 77
14 0
8 1
13 2
3 3
12 4
7 5
t 78
14 0
7 1
13 2
1 3
8 4
12 5
t 79
1 0
8 1
7 2
3 3
12 4
13 5
t 80
7 0
11 1
12 2
8 3
17 4
16 5
t 81
0 0
6 1
1 2
5 3
7 4
2 5
t 82
0 0
6 1
5 2
1 3
11 4
10 5
t 83
5 0
1 1
6 2
10 3
7 4
2 5
t 84
11 0
13 1
12 2
14 3
7 4
8 5
t 85
7 0
11 1
12 2
8 3
16 4
17 5
t 86
3 0
11 1
10 2
12 3
6 4
5 5
t 87
12 0
6 1
11 2
1 3
10 4
5 5
t 88
12 0
5 1
11 2
0 3
6 4
10 5
t 89
1 0
12 1
7 2
2 3
13 4
8 5
t 90
5 0
12 1
11 2
7 3
17 4
16 5
t 91
7 0
19 1
13 2
8 3
18 4
14 5
t 92
9 0
18 1
14 2
4 3
19 4
13 5
t 93
9 0
13 1
19 2
7 3
14 4
18 5
t 94
15 0
12 1
17 2
7 3
16 4
11 5
t 95
5 0
7 1
6 2
8 3
1 4
2 5
t 96
5 0
12 1
11 2
7 3
16 4
17 5
t 97
7 0
16 1
12 2
15 3
17 4
11 5
t 98
3 0
7 1
8 2
4 3
13 4
12 5
t 99
0 0
10 1
5 2
3 3
11 4
6 5
t 100
15 0
11 1
17 2
5 3
12 4
16 5
t 101
8 0
1 1
7 2
12 3
6 4
2 5
t 102
3 0
7 1
8 2
4 3
12 4
13 5
t 103
5 0
7 1
6 2
8 3
2 4
1 5
t 104
1 0
5 1
6 2
2 3
11 4
10 5
t 105
7 0
14 1
13 2
9 3
18 4
19 5
t 106
9 0
13 1
18 2
7 3
19 4
14 5
t 107
7 0
18 1
13 2
8 3
19 4
14 5
t 108
3 0
12 1
8 2
4 3
13 4
7 5
t 109
1 0
5 1
6 2
2 3
10 4
11 5
t 110
15 0
11 1
16 2
5 3
17 4
12 5
t 111
7 0
14 1
13 2
9 3
19 4
18 5
t 112
3 0
1 1
2 2
0 3
6 4
7 5
t 113
9 0
19 1
14 2
4 3
18 4
13 5
t 114
14 0
7 1
13 2
1 3
12 4
8 5
t 115
9 0
14 1
19 2
4 3
18 4
13 5
t 116
12 0
5 1
11 2
0 3
10 4
6 5
t 117
1 0
10 1
6 2
2 3
11 4
5 5
t 118
5 0
16 1
11 2
15 3
17 4
12 5
t 119
3 0
1 1
2 2
0 3
7 4
6 5
t # -1