t 0
3 0
12 1
13 2
14 3
7 4
8 5
t 1
15 0
12 1
17 2
10 3
11 4
16 5
t 2
5 0
17 1
12 2
7 3
16 4
11 5
t 3
1 0
6 1
10 2
3 3
5 4
11 5
t 4
12 0
10 1
5 2
0 3
6 4
11 5
t 5
1 0
11 1
5 2
0 3
10 4
6 5
t 6
8 0
7 1
2 2
3 3
1 4
6 5
t 7
15 0
16 1
12 2
7 3
11 4
17 5
t 8
1 0
12 1
13 2
14 3
8 4
7 5
t 9
1 0
10 1
11 2
12 3
5 4
6 5
t 10
3 0
8 1
12 2
11 3
7 4
13 5
t 11
14 0
12 1
7 2
1 3
8 4
13 5
t 12
3 0
13 1
7 2
1 3
12 4
8 5
t 13
9 0
18 1
14 2
4 3
13 4
19 5
t 14
9 0
14 1
18 2
4 3
19 4
13 5
t 15
0 0
10 1
11 2
12 3
6 4
5 5
t 16
7 0
18 1
19 2
1 3
14 4
13 5
t 17
12 0
10 1
6 2
1 3
5 4
11 5
t 18
15 0
16 1
11 2
5 3
12 4
17 5
t 19
1 0
13 1
8 2
3 3
12 4
7 5
t 20
7 0
12 1
16 2
15 3
17 4
11 5
t 21
8 0
7 1
1 2
0 3
2 4
6 5
t 22
7 0
13 1
18 2
1 3
14 4
19 5
t 23
8 0
2 1
6 2
5 3
1 4
7 5
t 24
9 0
18 1
19 2
4 3
13 4
14 5
t 25
15 0
16 1
17 2
10 3
12 4
11 5
t 26
9 0
14 1
19 2
4 3
13 4
18 5
t 27
14 0
12 1
8 2
3 3
7 4
13 5
t 28
7 0
17 1
11 2
5 3
16 4
12 5
t 29
0 0
11 1
6 2
1 3
10 4
5 5
t 30
9 0
18 1
13 2
7 3
14 4
19 5
t 31
5 0
11 1
16 2
15 3
12 4
17 5
t 32
15 0
16 1
17 2
10 3
11 4
12 5
t 33
8 0
6 1
2 2
3 3
1 4
7 5
t 34
9 0
14 1
18 2
4 3
13 4
19 5
t 35
12 0
11 1
5 2
0 3
6 4
10 5
t 36
3 0
8 1
12 2
11 3
13 4
7 5
t 37
0 0
5 1
10 2
3 3
6 4
11 5
t 38
15 0
17 1
12 2
7 3
11 4
16 5
t 39
14 0
13 1
7 2
1 3
8 4
12 5
t 40
5 0
2 1
7 2
8 3
1 4
6 5
t 41
1 0
6 1
10 2
3 3
11 4
5 5
t 42
8 0
7 1
2 2
3 3
6 4
1 5
t 43
1 0
7 1
12 2
11 3
8 4
13 5
t 44
8 0
6 1
1 2
0 3
2 4
7 5
t 45
9 0
19 1
18 2
4 3
13 4
14 5
t 46
3 0
8 1
13 2
14 3
7 4
12 5
t 47
12 0
11 1
6 2
1 3
5 4
10 5
t 48
8 0
7 1
1 2
0 3
6 4
2 5
t 49
15 0
17 1
11 2
5 3
12 4
16 5
t 50
3 0
2 1
6 2
5 3
7 4
1 5
t 51
7 0
12 1
16 2
15 3
11 4
17 5
t 52
8 0
1 1
6 2
5 3
2 4
7 5
t 53
7 0
19 1
18 2
1 3
14 4
13 5
t 54
5 0
6 1
7 2
8 3
1 4
2 5
t 55
1 0
6 1
11 2
12 3
5 4
10 5
t 56
5 0
6 1
7 2
8 3
2 4
1 5
t 57
14 0
13 1
8 2
3 3
7 4
12 5
t 58
9 0
13 1
19 2
4 3
18 4
14 5
t 59
9 0
19 1
13 2
7 3
14 4
18 5
t 60
5 0
17 1
16 2
15 3
12 4
11 5
t 61
8 0
2 1
1 2
0 3
6 4
7 5
t 62
3 0
2 1
7 2
8 3
6 4
1 5
t 63
3 0
7 1
12 2
11 3
13 4
8 5
t 64
7 0
11 1
17 2
1 3
16 4
12 5
t 65
7 0
17 1
16 2
15 3
11 4
12 5
t 66
5 0
2 1
1 2
0 3
7 4
6 5
t 67
5 0
6 1
2 2
3 3
7 4
1 5
t 68
1 0
5 1
10 2
3 3
11 4
6 5
t 69
5 0
1 1
7 2
8 3
2 4
6 5
t 70
3 0
8 1
7 2
1 3
13 4
12 5
t 71
9 0
19 1
14 2
4 3
13 4
18 5
t 72
7 0
13 1
14 2
9 3
19 4
18 5
t 73
1 0
6 1
5 2
0 3
10 4
11 5
t 74
1 0
13 1
12 2
11 3
8 4
7 5
t 75
7 0
13 1
14 2
9 3
18 4
19 5
t 76
1 0
11 1
10 2
3 3
5 4
6 5
t 77
3 0
8 1
13 2
14 3
12 4
7 5
t 78
1 0
7 1
13 2
14 3
8 4
12 5
t 79
3 0
8 1
7 2
1 3
12 4
13 5
t 80
15 0
11 1
12 2
7 3
17 4
16 5
t 81
5 0
6 1
1 2
0 3
7 4
2 5
t 82
1 0
6 1
5 2
0 3
11 4
10 5
t 83
3 0
1 1
6 2
5 3
7 4
2 5
t 84
3 0
13 1
12 2
11 3
7 4
8 5
t 85
5 0
11 1
12 2
7 3
16 4
17 5
t 86
0 0
11 1
10 2
3 3
6 4
5 5
t 87
1 0
6 1
11 2
12 3
10 4
5 5
t 88
0 0
5 1
11 2
12 3
6 4
10 5
t 89
3 0
12 1
7 2
1 3
13 4
8 5
t 90
15 0
12 1
11 2
5 3
17 4
16 5
t 91
9 0
19 1
13 2
7 3
18 4
14 5
t 92
7 0
18 1
14 2
9 3
19 4
13 5
t 93
7 0
13 1
19 2
1 3
14 4
18 5
t 94
7 0
12 1
17 2
1 3
16 4
11 5
t 95
8 0
7 1
6 2
5 3
1 4
2 5
t 96
7 0
12 1
11 2
5 3
16 4
17 5
t 97
15 0
16 1
12 2
7 3
17 4
11 5
t 98
1 0
7 1
8 2
3 3
13 4
12 5
t 99
1 0
10 1
5 2
0 3
11 4
6 5
t 100
15 0
11 1
17 2
10 3
12 4
16 5
t 101
3 0
1 1
7 2
8 3
6 4
2 5
t 102
1 0
7 1
8 2
3 3
12 4
13 5
t 103
8 0
7 1
6 2
5 3
2 4
1 5
t 104
0 0
5 1
6 2
1 3
11 4
10 5
t 105
9 0
13 1
18 2
4 3
19 4
14 5
t 106
9 0
14 1
13 2
7 3
18 4
19 5
t 107
9 0
18 1
13 2
7 3
19 4
14 5
t 108
1 0
12 1
8 2
3 3
13 4
7 5
t 109
0 0
5 1
6 2
1 3
10 4
11 5
t 110
7 0
11 1
16 2
15 3
17 4
12 5
t 111
9 0
14 1
13 2
7 3
19 4
18 5
t 112
8 0
1 1
2 2
3 3
6 4
7 5
t 113
7 0
19 1
14 2
9 3
18 4
13 5
t 114
3 0
7 1
13 2
14 3
12 4
8 5
t 115
9 0
14 1
19 2
4 3
18 4
13 5
t 116
1 0
5 1
11 2
12 3
10 4
6 5
t 117
0 0
10 1
6 2
1 3
11 4
5 5
t 118
15 0
16 1
11 2
5 3
17 4
12 5
t 119
5 0
1 1
2 2
3 3
7 4
6 5
t # -1