t 0
5 0
0 1
11 2
16 3
12 4
17 5
t 1
7 0
15 1
12 2
17 3
11 4
16 5
t 2
3 0
1 1
10 2
11 3
5 4
6 5
t 3
0 0
12 1
5 2
6 3
10 4
11 5
t 4
9 0
4 1
18 2
19 3
13 4
14 5
t 5
7 0
1 1
13 2
14 3
18 4
19 5
t 6
9 0
4 1
18 2
13 3
19 4
14 5
t 7
9 0
7 1
19 2
14 3
18 4
13 5
t 8
3 0
0 1
2 2
7 3
6 4
1 5
t 9
0 0
3 1
1 2
6 3
7 4
2 5
t 10
0 0
3 1
5 2
6 3
11 4
10 5
t 11
15 0
5 1
17 2
16 3
12 4
11 5
t 12
11 0
14 1
12 2
7 3
8 4
13 5
t 13
7 0
1 1
12 2
11 3
16 4
17 5
t 14
3 0
0 1
10 2
11 3
6 4
5 5
t 15
7 0
15 1
12 2
11 3
17 4
16 5
t 16
14 0
11 1
13 2
8 3
7 4
12 5
t 17
7 0
1 1
13 2
14 3
19 4
18 5
t 18
15 0
7 1
17 2
16 3
11 4
12 5
t 19
9 0
7 1
18 2
19 3
14 4
13 5
t 20
12 0
0 1
11 2
6 3
10 4
5 5
t 21
3 0
1 1
10 2
5 3
11 4
6 5
t 22
3 0
8 1
2 2
6 3
1 4
7 5
t 23
5 0
15 1
11 2
17 3
12 4
16 5
t 24
0 0
3 1
1 2
7 3
6 4
2 5
t 25
11 0
14 1
12 2
8 3
7 4
13 5
t 26
15 0
7 1
17 2
11 3
16 4
12 5
t 27
9 0
7 1
18 2
14 3
19 4
13 5
t 28
9 0
4 1
19 2
13 3
14 4
18 5
t 29
12 0
3 1
11 2
5 3
6 4
10 5
t 30
3 0
1 1
8 2
12 3
13 4
7 5
t 31
3 0
0 1
10 2
6 3
11 4
5 5
t 32
3 0
5 1
2 2
7 3
1 4
6 5
t 33
0 0
8 1
1 2
6 3
2 4
7 5
t 34
5 0
0 1
11 2
12 3
16 4
17 5
t 35
15 0
7 1
16 2
17 3
11 4
12 5
t 36
15 0
5 1
17 2
12 3
16 4
11 5
t 37
15 0
7 1
16 2
11 3
17 4
12 5
t 38
3 0
8 1
2 2
1 3
6 4
7 5
t 39
8 0
3 1
7 2
6 3
1 4
2 5
t 40
1 0
3 1
7 2
12 3
13 4
8 5
t 41
3 0
1 1
8 2
13 3
12 4
7 5
t 42
12 0
3 1
11 2
6 3
5 4
10 5
t 43
5 0
15 1
11 2
12 3
17 4
16 5
t 44
3 0
12 1
10 2
5 3
6 4
11 5
t 45
15 0
5 1
16 2
17 3
12 4
11 5
t 46
8 0
0 1
7 2
6 3
2 4
1 5
t 47
9 0
4 1
18 2
13 3
14 4
19 5
t 48
9 0
4 1
19 2
14 3
13 4
18 5
t 49
3 0
5 1
2 2
1 3
7 4
6 5
t 50
0 0
5 1
1 2
7 3
2 4
6 5
t 51
3 0
14 1
8 2
12 3
7 4
13 5
t 52
3 0
12 1
10 2
6 3
5 4
11 5
t 53
1 0
3 1
7 2
13 3
12 4
8 5
t 54
9 0
4 1
18 2
14 3
13 4
19 5
t 55
15 0
5 1
16 2
12 3
17 4
11 5
t 56
15 0
10 1
17 2
11 3
12 4
16 5
t 57
9 0
7 1
14 2
18 3
19 4
13 5
t 58
1 0
0 1
6 2
10 3
11 4
5 5
t 59
8 0
3 1
7 2
1 3
6 4
2 5
t 60
1 0
14 1
7 2
12 3
8 4
13 5
t 61
3 0
11 1
8 2
13 3
7 4
12 5
t 62
0 0
8 1
1 2
2 3
6 4
7 5
t 63
5 0
3 1
6 2
7 3
1 4
2 5
t 64
0 0
5 1
1 2
2 3
7 4
6 5
t 65
1 0
0 1
6 2
11 3
10 4
5 5
t 66
3 0
14 1
8 2
7 3
12 4
13 5
t 67
0 0
1 1
5 2
10 3
11 4
6 5
t 68
5 0
0 1
6 2
7 3
2 4
1 5
t 69
14 0
1 1
13 2
12 3
8 4
7 5
t 70
15 0
10 1
16 2
11 3
12 4
17 5
t 71
14 0
3 1
13 2
12 3
7 4
8 5
t 72
7 0
9 1
13 2
18 3
19 4
14 5
t 73
9 0
7 1
14 2
19 3
18 4
13 5
t 74
3 0
11 1
8 2
7 3
13 4
12 5
t 75
15 0
10 1
17 2
12 3
11 4
16 5
t 76
8 0
0 1
7 2
2 3
6 4
1 5
t 77
5 0
3 1
6 2
1 3
7 4
2 5
t 78
1 0
11 1
7 2
13 3
8 4
12 5
t 79
1 0
12 1
6 2
10 3
5 4
11 5
t 80
0 0
1 1
5 2
11 3
10 4
6 5
t 81
15 0
10 1
16 2
12 3
11 4
17 5
t 82
7 0
9 1
13 2
19 3
18 4
14 5
t 83
9 0
4 1
14 2
18 3
13 4
19 5
t 84
14 0
3 1
13 2
7 3
12 4
8 5
t 85
7 0
5 1
12 2
16 3
17 4
11 5
t 86
8 0
5 1
7 2
1 3
2 4
6 5
t 87
5 0
0 1
6 2
2 3
7 4
1 5
t 88
1 0
3 1
6 2
11 3
5 4
10 5
t 89
0 0
12 1
5 2
10 3
6 4
11 5
t 90
11 0
3 1
12 2
13 3
7 4
8 5
t 91
1 0
14 1
7 2
8 3
12 4
13 5
t 92
7 0
1 1
13 2
18 3
14 4
19 5
t 93
9 0
4 1
14 2
19 3
13 4
18 5
t 94
14 0
1 1
13 2
8 3
12 4
7 5
t 95
8 0
5 1
7 2
2 3
1 4
6 5
t 96
1 0
11 1
7 2
8 3
13 4
12 5
t 97
9 0
7 1
19 2
18 3
14 4
13 5
t 98
5 0
8 1
6 2
1 3
2 4
7 5
t 99
1 0
12 1
6 2
5 3
10 4
11 5
t 100
12 0
1 1
11 2
10 3
5 4
6 5
t 101
5 0
7 1
11 2
16 3
17 4
12 5
t 102
11 0
1 1
12 2
13 3
8 4
7 5
t 103
7 0
5 1
12 2
17 3
16 4
11 5
t 104
9 0
4 1
14 2
13 3
19 4
18 5
t 105
12 0
0 1
11 2
10 3
6 4
5 5
t 106
9 0
4 1
14 2
13 3
18 4
19 5
t 107
9 0
4 1
19 2
18 3
13 4
14 5
t 108
1 0
3 1
6 2
5 3
11 4
10 5
t 109
11 0
3 1
12 2
7 3
13 4
8 5
t 110
7 0
1 1
12 2
16 3
11 4
17 5
t 111
0 0
3 1
5 2
11 3
6 4
10 5
t 112
5 0
7 1
11 2
17 3
16 4
12 5
t 113
5 0
8 1
6 2
2 3
1 4
7 5
t 114
7 0
1 1
13 2
19 3
14 4
18 5
t 115
9 0
4 1
19 2
13 3
18 4
14 5
t 116
14 0
11 1
13 2
7 3
8 4
12 5
t 117
3 0
0 1
2 2
6 3
7 4
1 5
t 118
12 0
1 1
11 2
5 3
10 4
6 5
t 119
11 0
1 1
12 2
8 3
13 4
7 5
t # -1