t 0
11 0
16 1
15 2
17 3
12 4
t 1
17 0
16 1
15 2
11 3
12 4
t 2
12 0
8 1
3 2
13 3
7 4
t 3
7 0
13 1
14 2
8 3
12 4
t 4
17 0
16 1
15 2
12 3
11 4
t 5
2 0
6 1
5 2
7 3
1 4
t 6
6 0
11 1
12 2
10 3
5 4
t 7
19 0
13 1
7 2
14 3
18 4
t 8
2 0
1 1
0 2
6 3
7 4
t 9
8 0
13 1
14 2
12 3
7 4
t 10
2 0
1 1
0 2
7 3
6 4
t 11
13 0
18 1
9 2
19 3
14 4
t 12
10 0
5 1
0 2
11 3
6 4
t 13
8 0
7 1
1 2
12 3
13 4
t 14
11 0
17 1
15 2
16 3
12 4
t 15
16 0
12 1
7 2
17 3
11 4
t 16
13 0
12 1
11 2
7 3
8 4
t 17
13 0
14 1
9 2
18 3
19 4
t 18
13 0
12 1
11 2
8 3
7 4
t 19
2 0
7 1
8 2
6 3
1 4
t 20
1 0
7 1
8 2
2 3
6 4
t 21
6 0
10 1
3 2
11 3
5 4
t 22
8 0
7 1
1 2
13 3
12 4
t 23
6 0
5 1
0 2
10 3
11 4
t 24
5 0
11 1
12 2
6 3
10 4
t 25
19 0
14 1
9 2
13 3
18 4
t 26
11 0
10 1
3 2
5 3
6 4
t 27
18 0
14 1
9 2
19 3
13 4
t 28
11 0
10 1
3 2
6 3
5 4
t 29
8 0
12 1
11 2
13 3
7 4
t 30
11 0
12 1
7 2
16 3
17 4
t 31
6 0
5 1
0 2
11 3
10 4
t 32
6 0
1 1
0 2
7 3
2 4
t 33
13 0
19 1
9 2
18 3
14 4
t 34
13 0
7 1
1 2
8 3
12 4
t 35
17 0
12 1
7 2
11 3
16 4
t 36
11 0
12 1
7 2
17 3
16 4
t 37
10 0
6 1
1 2
5 3
11 4
t 38
6 0
7 1
8 2
2 3
1 4
t 39
11 0
5 1
0 2
6 3
10 4
t 40
7 0
12 1
11 2
8 3
13 4
t 41
6 0
2 1
3 2
1 3
7 4
t 42
7 0
2 1
3 2
6 3
1 4
t 43
2 0
7 1
8 2
1 3
6 4
t 44
13 0
14 1
9 2
19 3
18 4
t 45
13 0
8 1
3 2
7 3
12 4
t 46
5 0
10 1
3 2
6 3
11 4
t 47
17 0
11 1
5 2
12 3
16 4
t 48
10 0
5 1
0 2
6 3
11 4
t 49
8 0
13 1
14 2
7 3
12 4
t 50
14 0
18 1
9 2
13 3
19 4
t 51
19 0
18 1
9 2
13 3
14 4
t 52
11 0
6 1
1 2
5 3
10 4
t 53
6 0
1 1
0 2
2 3
7 4
t 54
7 0
1 1
0 2
6 3
2 4
t 55
6 0
11 1
12 2
5 3
10 4
t 56
6 0
7 1
8 2
1 3
2 4
t 57
19 0
18 1
9 2
14 3
13 4
t 58
1 0
6 1
5 2
2 3
7 4
t 59
12 0
16 1
15 2
11 3
17 4
t 60
1 0
2 1
3 2
6 3
7 4
t 61
14 0
19 1
9 2
13 3
18 4
t 62
16 0
17 1
15 2
12 3
11 4
t 63
8 0
12 1
11 2
7 3
13 4
t 64
13 0
7 1
1 2
12 3
8 4
t 65
17 0
12 1
7 2
16 3
11 4
t 66
18 0
14 1
9 2
13 3
19 4
t 67
12 0
17 1
15 2
11 3
16 4
t 68
12 0
13 1
14 2
7 3
8 4
t 69
5 0
6 1
1 2
11 3
10 4
t 70
6 0
10 1
3 2
5 3
11 4
t 71
18 0
19 1
9 2
14 3
13 4
t 72
11 0
5 1
0 2
10 3
6 4
t 73
12 0
7 1
1 2
8 3
13 4
t 74
7 0
2 1
3 2
1 3
6 4
t 75
16 0
12 1
7 2
11 3
17 4
t 76
10 0
11 1
12 2
5 3
6 4
t 77
12 0
13 1
14 2
8 3
7 4
t 78
17 0
11 1
5 2
16 3
12 4
t 79
7 0
8 1
3 2
13 3
12 4
t 80
18 0
19 1
9 2
13 3
14 4
t 81
13 0
18 1
9 2
14 3
19 4
t 82
13 0
8 1
3 2
12 3
7 4
t 83
18 0
13 1
7 2
14 3
19 4
t 84
10 0
11 1
12 2
6 3
5 4
t 85
16 0
17 1
15 2
11 3
12 4
t 86
2 0
6 1
5 2
1 3
7 4
t 87
11 0
16 1
15 2
12 3
17 4
t 88
11 0
6 1
1 2
10 3
5 4
t 89
12 0
8 1
3 2
7 3
13 4
t 90
7 0
1 1
0 2
2 3
6 4
t 91
16 0
11 1
5 2
12 3
17 4
t 92
7 0
13 1
14 2
12 3
8 4
t 93
14 0
13 1
7 2
19 3
18 4
t 94
12 0
16 1
15 2
17 3
11 4
t 95
1 0
6 1
5 2
7 3
2 4
t 96
14 0
13 1
7 2
18 3
19 4
t 97
19 0
13 1
7 2
18 3
14 4
t 98
12 0
11 1
5 2
17 3
16 4
t 99
12 0
7 1
1 2
13 3
8 4
t 100
14 0
18 1
9 2
19 3
13 4
t 101
7 0
6 1
5 2
2 3
1 4
t 102
7 0
8 1
3 2
12 3
13 4
t 103
5 0
10 1
3 2
11 3
6 4
t 104
7 0
6 1
5 2
1 3
2 4
t 105
12 0
11 1
5 2
16 3
17 4
t 106
7 0
12 1
11 2
13 3
8 4
t 107
5 0
6 1
1 2
10 3
11 4
t 108
18 0
13 1
7 2
19 3
14 4
t 109
11 0
17 1
15 2
12 3
16 4
t 110
1 0
7 1
8 2
6 3
2 4
t 111
6 0
2 1
3 2
7 3
1 4
t 112
1 0
2 1
3 2
7 3
6 4
t 113
10 0
6 1
1 2
11 3
5 4
t 114
14 0
19 1
9 2
18 3
13 4
t 115
16 0
11 1
5 2
17 3
12 4
t 116
5 0
11 1
12 2
10 3
6 4
t 117
13 0
19 1
9 2
14 3
18 4
t 118
12 0
17 1
15 2
16 3
11 4
t 119
19 0
14 1
9 2
18 3
13 4
t # -1