t 0
0 0
12 1
1 2
7 3
6 4
t 1
7 0
3 1
6 2
10 3
11 4
t 2
1 0
16 1
7 2
12 3
13 4
t 3
0 0
12 1
1 2
7 3
2 4
t 4
1 0
16 1
7 2
12 3
8 4
t 5
11 0
0 1
6 2
5 3
10 4
t 6
7 0
3 1
6 2
10 3
5 4
t 7
7 0
16 1
12 2
17 3
11 4
t 8
2 0
5 1
1 2
6 3
7 4
t 9
2 0
8 1
6 2
7 3
1 4
t 10
3 0
19 1
8 2
13 3
12 4
t 11
3 0
19 1
8 2
13 3
7 4
t 12
13 0
6 1
12 2
7 3
8 4
t 13
18 0
4 1
13 2
8 3
12 4
t 14
18 0
4 1
13 2
8 3
7 4
t 15
10 0
1 1
11 2
6 3
5 4
t 16
10 0
17 1
5 2
11 3
6 4
t 17
12 0
1 1
7 2
6 3
2 4
t 18
3 0
6 1
2 2
7 3
1 4
t 19
11 0
13 1
12 2
8 3
7 4
t 20
6 0
4 1
7 2
8 3
13 4
t 21
6 0
4 1
7 2
8 3
12 4
t 22
6 0
16 1
10 2
11 3
5 4
t 23
14 0
7 1
13 2
8 3
12 4
t 24
6 0
15 1
11 2
16 3
12 4
t 25
16 0
1 1
12 2
7 3
8 4
t 26
6 0
12 1
2 2
7 3
1 4
t 27
7 0
16 1
8 2
12 3
13 4
t 28
17 0
0 1
11 2
5 3
10 4
t 29
0 0
12 1
5 2
11 3
6 4
t 30
0 0
12 1
5 2
11 3
10 4
t 31
12 0
14 1
13 2
18 3
19 4
t 32
6 0
15 1
11 2
16 3
17 4
t 33
7 0
9 1
12 2
8 3
13 4
t 34
1 0
13 1
2 2
7 3
6 4
t 35
13 0
17 1
12 2
11 3
16 4
t 36
13 0
6 1
12 2
11 3
17 4
t 37
17 0
0 1
11 2
5 3
6 4
t 38
18 0
11 1
13 2
12 3
8 4
t 39
13 0
6 1
12 2
11 3
16 4
t 40
18 0
11 1
13 2
12 3
7 4
t 41
16 0
8 1
12 2
13 3
7 4
t 42
15 0
10 1
16 2
11 3
17 4
t 43
15 0
10 1
16 2
11 3
12 4
t 44
7 0
19 1
13 2
14 3
18 4
t 45
3 0
6 1
2 2
1 3
7 4
t 46
14 0
7 1
13 2
12 3
8 4
t 47
12 0
5 1
11 2
6 3
10 4
t 48
13 0
3 1
7 2
8 3
12 4
t 49
16 0
19 1
12 2
13 3
8 4
t 50
16 0
19 1
12 2
13 3
7 4
t 51
17 0
10 1
12 2
11 3
16 4
t 52
19 0
17 1
13 2
12 3
7 4
t 53
19 0
17 1
13 2
12 3
8 4
t 54
11 0
6 1
12 2
7 3
8 4
t 55
11 0
6 1
12 2
7 3
13 4
t 56
5 0
2 1
11 2
6 3
10 4
t 57
6 0
13 1
1 2
7 3
2 4
t 58
7 0
19 1
13 2
18 3
14 4
t 59
19 0
9 1
18 2
14 3
13 4
t 60
7 0
9 1
8 2
4 3
3 4
t 61
2 0
15 1
6 2
10 3
5 4
t 62
2 0
15 1
6 2
10 3
11 4
t 63
10 0
12 1
11 2
16 3
17 4
t 64
0 0
1 1
5 2
6 3
10 4
t 65
1 0
5 1
7 2
6 3
2 4
t 66
0 0
1 1
5 2
6 3
11 4
t 67
13 0
6 1
8 2
7 3
12 4
t 68
5 0
17 1
11 2
12 3
16 4
t 69
11 0
1 1
5 2
6 3
10 4
t 70
10 0
2 1
6 2
1 3
7 4
t 71
15 0
1 1
10 2
6 3
11 4
t 72
15 0
1 1
10 2
6 3
5 4
t 73
6 0
8 1
11 2
12 3
17 4
t 74
6 0
8 1
11 2
12 3
16 4
t 75
2 0
14 1
7 2
13 3
8 4
t 76
2 0
12 1
1 2
7 3
6 4
t 77
12 0
5 1
11 2
10 3
6 4
t 78
12 0
14 1
13 2
19 3
18 4
t 79
2 0
14 1
7 2
13 3
12 4
t 80
14 0
7 1
9 2
8 3
4 4
t 81
9 0
2 1
8 2
3 3
4 4
t 82
4 0
17 1
8 2
12 3
7 4
t 83
10 0
2 1
6 2
7 3
1 4
t 84
0 0
8 1
1 2
7 3
2 4
t 85
13 0
17 1
8 2
12 3
7 4
t 86
12 0
18 1
13 2
14 3
19 4
t 87
4 0
17 1
8 2
12 3
13 4
t 88
0 0
8 1
1 2
7 3
6 4
t 89
16 0
1 1
12 2
7 3
13 4
t 90
10 0
13 1
6 2
7 3
2 4
t 91
10 0
13 1
6 2
7 3
1 4
t 92
1 0
13 1
6 2
7 3
2 4
t 93
3 0
6 1
10 2
11 3
5 4
t 94
3 0
17 1
10 2
11 3
6 4
t 95
3 0
17 1
10 2
11 3
5 4
t 96
3 0
13 1
2 2
7 3
6 4
t 97
3 0
13 1
2 2
7 3
1 4
t 98
8 0
19 1
7 2
13 3
12 4
t 99
8 0
1 1
7 2
2 3
6 4
t 100
5 0
17 1
11 2
16 3
12 4
t 101
1 0
12 1
7 2
13 3
8 4
t 102
10 0
12 1
11 2
17 3
16 4
t 103
8 0
11 1
12 2
17 3
16 4
t 104
9 0
13 1
8 2
7 3
12 4
t 105
2 0
3 1
7 2
8 3
13 4
t 106
19 0
6 1
13 2
7 3
8 4
t 107
7 0
0 1
6 2
1 3
2 4
t 108
2 0
3 1
7 2
8 3
12 4
t 109
19 0
6 1
13 2
7 3
12 4
t 110
9 0
2 1
8 2
7 3
13 4
t 111
16 0
2 1
11 2
6 3
5 4
t 112
8 0
11 1
12 2
16 3
17 4
t 113
9 0
2 1
8 2
7 3
12 4
t 114
12 0
5 1
7 2
6 3
1 4
t 115
12 0
5 1
7 2
6 3
2 4
t 116
16 0
2 1
11 2
6 3
10 4
t 117
13 0
17 1
12 2
16 3
11 4
t 118
17 0
3 1
12 2
8 3
13 4
t 119
17 0
3 1
12 2
8 3
7 4
t 120
16 0
5 1
11 2
6 3
10 4
t 121
16 0
7 1
17 2
12 3
11 4
t 122
6 0
0 1
7 2
1 3
2 4
t 123
9 0
12 1
8 2
13 3
7 4
t 124
7 0
10 1
6 2
5 3
11 4
t 125
19 0
12 1
18 2
13 3
14 4
t 126
2 0
12 1
6 2
11 3
5 4
t 127
6 0
18 1
7 2
13 3
8 4
t 128
18 0
7 1
13 2
12 3
8 4
t 129
6 0
18 1
7 2
13 3
12 4
t 130
2 0
12 1
6 2
11 3
10 4
t 131
11 0
7 1
6 2
1 3
2 4
t 132
13 0
17 1
7 2
12 3
8 4
t 133
15 0
6 1
16 2
11 3
12 4
t 134
8 0
14 1
12 2
13 3
7 4
t 135
15 0
6 1
16 2
11 3
17 4
t 136
11 0
3 1
6 2
10 3
5 4
t 137
5 0
17 1
6 2
11 3
10 4
t 138
11 0
7 1
10 2
6 3
5 4
t 139
7 0
4 1
13 2
8 3
12 4
t 140
1 0
10 1
6 2
11 3
5 4
t 141
17 0
7 1
11 2
6 3
5 4
t 142
13 0
9 1
8 2
4 3
3 4
t 143
5 0
7 1
6 2
2 3
1 4
t 144
17 0
6 1
12 2
11 3
16 4
t 145
15 0
17 1
16 2
11 3
12 4
t 146
3 0
12 1
4 2
8 3
9 4
t 147
17 0
7 1
11 2
6 3
10 4
t 148
4 0
14 1
8 2
13 3
7 4
t 149
4 0
14 1
8 2
13 3
12 4
t 150
19 0
9 1
13 2
8 3
7 4
t 151
13 0
10 1
7 2
6 3
1 4
t 152
13 0
10 1
7 2
6 3
2 4
t 153
19 0
8 1
14 2
13 3
18 4
t 154
5 0
7 1
6 2
1 3
2 4
t 155
12 0
18 1
8 2
13 3
7 4
t 156
19 0
9 1
13 2
8 3
12 4
t 157
7 0
10 1
6 2
11 3
5 4
t 158
9 0
12 1
4 2
8 3
3 4
t 159
2 0
12 1
6 2
7 3
1 4
t 160
16 0
4 1
12 2
8 3
13 4
t 161
2 0
11 1
7 2
12 3
13 4
t 162
18 0
9 1
19 2
14 3
13 4
t 163
8 0
11 1
7 2
12 3
13 4
t 164
16 0
4 1
12 2
8 3
7 4
t 165
18 0
7 1
13 2
8 3
12 4
t 166
2 0
11 1
7 2
12 3
8 4
t 167
13 0
2 1
12 2
7 3
8 4
t 168
8 0
6 1
13 2
7 3
12 4
t 169
9 0
7 1
14 2
13 3
19 4
t 170
9 0
7 1
14 2
13 3
18 4
t 171
1 0
10 1
6 2
5 3
11 4
t 172
11 0
9 1
12 2
8 3
13 4
t 173
10 0
15 1
11 2
16 3
12 4
t 174
10 0
15 1
11 2
16 3
17 4
t 175
11 0
9 1
12 2
8 3
7 4
t 176
11 0
7 1
6 2
2 3
1 4
t 177
3 0
12 1
8 2
13 3
7 4
t 178
14 0
3 1
13 2
8 3
12 4
t 179
11 0
15 1
5 2
10 3
6 4
t 180
14 0
3 1
13 2
8 3
7 4
t 181
17 0
6 1
12 2
7 3
8 4
t 182
5 0
7 1
10 2
6 3
11 4
t 183
6 0
12 1
10 2
11 3
5 4
t 184
6 0
8 1
2 2
7 3
1 4
t 185
5 0
3 1
6 2
10 3
11 4
t 186
3 0
10 1
2 2
6 3
1 4
t 187
3 0
10 1
2 2
6 3
7 4
t 188
17 0
6 1
12 2
7 3
13 4
t 189
16 0
8 1
12 2
7 3
13 4
t 190
1 0
9 1
7 2
8 3
13 4
t 191
7 0
10 1
2 2
6 3
1 4
t 192
1 0
9 1
7 2
8 3
12 4
t 193
11 0
0 1
10 2
5 3
6 4
t 194
0 0
16 1
5 2
11 3
10 4
t 195
7 0
3 1
6 2
2 3
1 4
t 196
0 0
16 1
5 2
11 3
6 4
t 197
8 0
17 1
13 2
12 3
7 4
t 198
19 0
12 1
14 2
13 3
18 4
t 199
10 0
16 1
6 2
11 3
5 4
t 200
10 0
8 1
11 2
12 3
17 4
t 201
10 0
8 1
11 2
12 3
16 4
t 202
9 0
18 1
14 2
13 3
19 4
t 203
13 0
2 1
8 2
3 3
4 4
t 204
17 0
7 1
11 2
12 3
16 4
t 205
0 0
5 1
1 2
6 3
2 4
t 206
12 0
1 1
11 2
6 3
10 4
t 207
12 0
1 1
11 2
6 3
5 4
t 208
0 0
5 1
1 2
6 3
7 4
t 209
19 0
2 1
13 2
7 3
8 4
t 210
3 0
12 1
8 2
7 3
13 4
t 211
19 0
2 1
13 2
7 3
12 4
t 212
7 0
5 1
12 2
11 3
17 4
t 213
7 0
5 1
12 2
11 3
16 4
t 214
14 0
3 1
9 2
4 3
8 4
t 215
2 0
11 1
7 2
6 3
1 4
t 216
6 0
11 1
7 2
12 3
8 4
t 217
9 0
18 1
14 2
19 3
13 4
t 218
1 0
17 1
6 2
11 3
5 4
t 219
11 0
2 1
12 2
7 3
8 4
t 220
16 0
5 1
11 2
10 3
6 4
t 221
11 0
2 1
12 2
7 3
13 4
t 222
6 0
11 1
7 2
12 3
13 4
t 223
7 0
16 1
12 2
11 3
17 4
t 224
11 0
0 1
6 2
1 3
7 4
t 225
9 0
16 1
8 2
12 3
13 4
t 226
15 0
17 1
16 2
12 3
11 4
t 227
11 0
0 1
6 2
1 3
2 4
t 228
1 0
17 1
6 2
11 3
10 4
t 229
9 0
16 1
8 2
12 3
7 4
t 230
13 0
3 1
7 2
2 3
1 4
t 231
7 0
11 1
1 2
6 3
2 4
t 232
6 0
15 1
11 2
10 3
5 4
t 233
2 0
7 1
3 2
8 3
4 4
t 234
3 0
1 1
8 2
7 3
13 4
t 235
3 0
1 1
8 2
7 3
12 4
t 236
13 0
3 1
7 2
2 3
6 4
t 237
13 0
2 1
8 2
7 3
12 4
t 238
11 0
13 1
12 2
7 3
8 4
t 239
11 0
13 1
16 2
12 3
17 4
t 240
5 0
13 1
11 2
12 3
17 4
t 241
5 0
13 1
11 2
12 3
16 4
t 242
12 0
1 1
7 2
2 3
6 4
t 243
12 0
3 1
13 2
8 3
7 4
t 244
8 0
18 1
12 2
13 3
7 4
t 245
2 0
0 1
7 2
1 3
6 4
t 246
19 0
9 1
13 2
14 3
18 4
t 247
2 0
18 1
7 2
13 3
8 4
t 248
2 0
18 1
7 2
13 3
12 4
t 249
5 0
3 1
6 2
2 3
7 4
t 250
14 0
3 1
9 2
8 3
4 4
t 251
5 0
3 1
6 2
2 3
1 4
t 252
12 0
19 1
7 2
13 3
8 4
t 253
17 0
10 1
16 2
11 3
12 4
t 254
11 0
3 1
12 2
8 3
7 4
t 255
11 0
1 1
6 2
2 3
7 4
t 256
11 0
3 1
12 2
8 3
13 4
t 257
3 0
7 1
2 2
6 3
1 4
t 258
14 0
8 1
13 2
7 3
12 4
t 259
10 0
2 1
11 2
6 3
5 4
t 260
5 0
3 1
11 2
10 3
6 4
t 261
12 0
2 1
7 2
6 3
1 4
t 262
9 0
17 1
8 2
12 3
13 4
t 263
17 0
1 1
11 2
6 3
10 4
t 264
17 0
1 1
11 2
6 3
5 4
t 265
0 0
2 1
1 2
7 3
6 4
t 266
8 0
18 1
13 2
19 3
14 4
t 267
7 0
9 1
13 2
8 3
12 4
t 268
15 0
11 1
16 2
12 3
17 4
t 269
7 0
15 1
6 2
10 3
11 4
t 270
7 0
17 1
12 2
16 3
11 4
t 271
3 0
11 1
10 2
6 3
5 4
t 272
7 0
15 1
6 2
10 3
5 4
t 273
0 0
2 1
1 2
6 3
7 4
t 274
12 0
15 1
17 2
16 3
11 4
t 275
8 0
16 1
7 2
12 3
13 4
t 276
8 0
19 1
12 2
13 3
7 4
t 277
13 0
11 1
7 2
12 3
8 4
t 278
6 0
16 1
11 2
12 3
17 4
t 279
9 0
10 1
8 2
3 3
4 4
t 280
3 0
7 1
2 2
1 3
6 4
t 281
10 0
9 1
3 2
4 3
8 4
t 282
3 0
11 1
10 2
5 3
6 4
t 283
16 0
9 1
12 2
8 3
7 4
t 284
15 0
16 1
10 2
11 3
6 4
t 285
3 0
0 1
10 2
5 3
11 4
t 286
15 0
16 1
10 2
11 3
5 4
t 287
16 0
9 1
12 2
8 3
13 4
t 288
2 0
5 1
6 2
10 3
11 4
t 289
14 0
8 1
13 2
12 3
7 4
t 290
3 0
0 1
10 2
5 3
6 4
t 291
13 0
4 1
7 2
8 3
12 4
t 292
2 0
16 1
6 2
11 3
5 4
t 293
11 0
12 1
6 2
7 3
2 4
t 294
13 0
9 1
18 2
14 3
19 4
t 295
11 0
12 1
6 2
7 3
1 4
t 296
2 0
16 1
6 2
11 3
10 4
t 297
2 0
5 1
6 2
11 3
10 4
t 298
12 0
6 1
11 2
5 3
10 4
t 299
11 0
1 1
6 2
7 3
2 4
t 300
1 0
3 1
6 2
10 3
11 4
t 301
6 0
3 1
1 2
2 3
7 4
t 302
2 0
13 1
1 2
7 3
6 4
t 303
6 0
3 1
5 2
10 3
11 4
t 304
6 0
17 1
10 2
11 3
5 4
t 305
16 0
10 1
11 2
5 3
6 4
t 306
19 0
3 1
13 2
8 3
7 4
t 307
6 0
13 1
2 2
7 3
1 4
t 308
8 0
1 1
12 2
7 3
13 4
t 309
7 0
17 1
8 2
12 3
13 4
t 310
19 0
3 1
13 2
8 3
12 4
t 311
9 0
12 1
14 2
13 3
19 4
t 312
6 0
16 1
11 2
17 3
12 4
t 313
13 0
14 1
8 2
9 3
4 4
t 314
16 0
10 1
11 2
6 3
5 4
t 315
9 0
12 1
14 2
13 3
18 4
t 316
4 0
18 1
8 2
13 3
7 4
t 317
12 0
6 1
7 2
2 3
1 4
t 318
12 0
6 1
11 2
10 3
5 4
t 319
10 0
13 1
11 2
12 3
17 4
t 320
11 0
7 1
16 2
12 3
17 4
t 321
10 0
13 1
11 2
12 3
16 4
t 322
4 0
18 1
8 2
13 3
12 4
t 323
16 0
13 1
12 2
8 3
7 4
t 324
17 0
4 1
12 2
8 3
7 4
t 325
4 0
7 1
8 2
13 3
12 4
t 326
7 0
9 1
13 2
14 3
19 4
t 327
7 0
9 1
13 2
14 3
18 4
t 328
17 0
4 1
12 2
8 3
13 4
t 329
11 0
2 1
5 2
6 3
10 4
t 330
16 0
5 1
17 2
11 3
12 4
t 331
5 0
0 1
6 2
1 3
7 4
t 332
12 0
6 1
7 2
1 3
2 4
t 333
8 0
11 1
13 2
12 3
7 4
t 334
5 0
0 1
6 2
1 3
2 4
t 335
4 0
7 1
8 2
12 3
13 4
t 336
1 0
3 1
6 2
10 3
5 4
t 337
6 0
16 1
7 2
12 3
8 4
t 338
6 0
16 1
7 2
12 3
13 4
t 339
18 0
16 1
13 2
12 3
7 4
t 340
7 0
10 1
12 2
11 3
16 4
t 341
0 0
2 1
5 2
6 3
11 4
t 342
7 0
10 1
12 2
11 3
17 4
t 343
0 0
2 1
5 2
6 3
10 4
t 344
18 0
16 1
13 2
12 3
8 4
t 345
11 0
14 1
12 2
13 3
7 4
t 346
11 0
14 1
12 2
13 3
8 4
t 347
7 0
10 1
8 2
3 3
4 4
t 348
19 0
7 1
13 2
8 3
12 4
t 349
7 0
5 1
1 2
6 3
2 4
t 350
3 0
16 1
8 2
12 3
7 4
t 351
10 0
9 1
3 2
8 3
4 4
t 352
3 0
16 1
8 2
12 3
13 4
t 353
5 0
15 1
6 2
10 3
11 4
t 354
1 0
13 1
7 2
12 3
8 4
t 355
9 0
10 1
4 2
3 3
8 4
t 356
11 0
7 1
12 2
8 3
13 4
t 357
18 0
7 1
19 2
13 3
14 4
t 358
14 0
12 1
13 2
8 3
7 4
t 359
14 0
12 1
13 2
7 3
8 4
t 360
2 0
4 1
7 2
8 3
12 4
t 361
2 0
4 1
7 2
8 3
13 4
t 362
14 0
1 1
13 2
7 3
8 4
t 363
14 0
1 1
13 2
7 3
12 4
t 364
10 0
3 1
6 2
2 3
1 4
t 365
16 0
2 1
12 2
7 3
13 4
t 366
1 0
3 1
6 2
2 3
7 4
t 367
16 0
2 1
12 2
7 3
8 4
t 368
10 0
3 1
6 2
2 3
7 4
t 369
1 0
10 1
2 2
6 3
7 4
t 370
15 0
11 1
16 2
17 3
12 4
t 371
3 0
7 1
10 2
6 3
5 4
t 372
3 0
7 1
10 2
6 3
11 4
t 373
16 0
13 1
12 2
7 3
8 4
t 374
1 0
13 1
7 2
8 3
12 4
t 375
8 0
2 1
7 2
1 3
6 4
t 376
2 0
13 1
6 2
7 3
1 4
t 377
6 0
17 1
5 2
11 3
10 4
t 378
15 0
12 1
10 2
11 3
6 4
t 379
15 0
12 1
10 2
11 3
5 4
t 380
2 0
10 1
1 2
6 3
7 4
t 381
1 0
3 1
7 2
2 3
6 4
t 382
10 0
12 1
3 2
8 3
4 4
t 383
3 0
13 1
4 2
8 3
9 4
t 384
10 0
16 1
11 2
12 3
17 4
t 385
2 0
12 1
7 2
13 3
8 4
t 386
13 0
10 1
12 2
11 3
16 4
t 387
13 0
10 1
12 2
11 3
17 4
t 388
11 0
15 1
6 2
10 3
5 4
t 389
8 0
1 1
7 2
6 3
2 4
t 390
13 0
10 1
8 2
3 3
4 4
t 391
1 0
11 1
6 2
10 3
5 4
t 392
16 0
6 1
11 2
5 3
10 4
t 393
7 0
0 1
6 2
5 3
11 4
t 394
7 0
0 1
6 2
5 3
10 4
t 395
9 0
13 1
8 2
12 3
7 4
t 396
18 0
8 1
13 2
12 3
7 4
t 397
7 0
2 1
8 2
3 3
4 4
t 398
16 0
5 1
12 2
11 3
17 4
t 399
0 0
10 1
5 2
6 3
11 4
t 400
6 0
8 1
7 2
12 3
13 4
t 401
16 0
8 1
17 2
12 3
11 4
t 402
5 0
7 1
11 2
12 3
16 4
t 403
5 0
7 1
11 2
12 3
17 4
t 404
14 0
11 1
13 2
12 3
8 4
t 405
14 0
11 1
13 2
12 3
7 4
t 406
7 0
11 1
6 2
5 3
10 4
t 407
9 0
2 1
4 2
3 3
8 4
t 408
17 0
7 1
12 2
8 3
13 4
t 409
6 0
19 1
7 2
13 3
8 4
t 410
14 0
4 1
13 2
8 3
12 4
t 411
1 0
0 1
6 2
5 3
10 4
t 412
14 0
4 1
13 2
8 3
7 4
t 413
6 0
19 1
7 2
13 3
12 4
t 414
6 0
8 1
7 2
13 3
12 4
t 415
1 0
0 1
6 2
5 3
11 4
t 416
3 0
11 1
2 2
6 3
1 4
t 417
3 0
13 1
8 2
12 3
7 4
t 418
3 0
11 1
2 2
6 3
7 4
t 419
17 0
14 1
12 2
13 3
7 4
t 420
17 0
14 1
12 2
13 3
8 4
t 421
1 0
11 1
6 2
5 3
10 4
t 422
0 0
17 1
5 2
11 3
10 4
t 423
0 0
17 1
5 2
11 3
6 4
t 424
10 0
16 1
11 2
17 3
12 4
t 425
2 0
12 1
7 2
8 3
13 4
t 426
0 0
6 1
1 2
7 3
2 4
t 427
9 0
13 1
4 2
8 3
3 4
t 428
8 0
14 1
13 2
18 3
19 4
t 429
18 0
7 1
14 2
13 3
19 4
t 430
16 0
13 1
11 2
12 3
17 4
t 431
7 0
0 1
2 2
1 3
6 4
t 432
7 0
11 1
6 2
10 3
5 4
t 433
17 0
15 1
11 2
10 3
6 4
t 434
12 0
18 1
13 2
19 3
14 4
t 435
17 0
15 1
11 2
10 3
5 4
t 436
18 0
8 1
13 2
7 3
12 4
t 437
13 0
0 1
7 2
1 3
6 4
t 438
13 0
0 1
7 2
1 3
2 4
t 439
17 0
7 1
16 2
12 3
11 4
t 440
14 0
7 1
18 2
13 3
19 4
t 441
11 0
13 1
17 2
12 3
16 4
t 442
3 0
13 1
8 2
7 3
12 4
t 443
18 0
1 1
13 2
7 3
8 4
t 444
8 0
15 1
12 2
16 3
11 4
t 445
3 0
0 1
2 2
1 3
7 4
t 446
3 0
0 1
2 2
1 3
6 4
t 447
1 0
10 1
7 2
6 3
2 4
t 448
12 0
2 1
11 2
6 3
10 4
t 449
17 0
18 1
12 2
13 3
7 4
t 450
17 0
18 1
12 2
13 3
8 4
t 451
8 0
14 1
13 2
19 3
18 4
t 452
12 0
9 1
7 2
8 3
13 4
t 453
12 0
2 1
11 2
6 3
5 4
t 454
3 0
2 1
8 2
7 3
12 4
t 455
3 0
2 1
8 2
7 3
13 4
t 456
13 0
11 1
7 2
6 3
1 4
t 457
5 0
7 1
11 2
6 3
10 4
t 458
13 0
11 1
7 2
6 3
2 4
t 459
13 0
3 1
12 2
8 3
7 4
t 460
12 0
19 1
8 2
13 3
7 4
t 461
7 0
16 1
13 2
12 3
8 4
t 462
2 0
19 1
7 2
13 3
8 4
t 463
18 0
12 1
13 2
8 3
7 4
t 464
0 0
6 1
5 2
11 3
10 4
t 465
2 0
19 1
7 2
13 3
12 4
t 466
9 0
19 1
14 2
13 3
18 4
t 467
17 0
8 1
11 2
12 3
16 4
t 468
9 0
8 1
14 2
13 3
19 4
t 469
7 0
11 1
2 2
6 3
1 4
t 470
15 0
5 1
10 2
11 3
6 4
t 471
9 0
8 1
14 2
13 3
18 4
t 472
9 0
6 1
8 2
7 3
13 4
t 473
0 0
6 1
1 2
2 3
7 4
t 474
0 0
6 1
5 2
10 3
11 4
t 475
8 0
15 1
12 2
16 3
17 4
t 476
6 0
12 1
11 2
16 3
17 4
t 477
6 0
12 1
7 2
8 3
13 4
t 478
18 0
12 1
13 2
7 3
8 4
t 479
18 0
1 1
13 2
7 3
12 4
t 480
9 0
6 1
8 2
7 3
12 4
t 481
11 0
1 1
10 2
6 3
5 4
t 482
10 0
7 1
5 2
6 3
11 4
t 483
12 0
2 1
7 2
1 3
6 4
t 484
6 0
12 1
11 2
17 3
16 4
t 485
10 0
17 1
6 2
11 3
5 4
t 486
12 0
5 1
16 2
11 3
17 4
t 487
8 0
5 1
7 2
6 3
2 4
t 488
8 0
5 1
7 2
6 3
1 4
t 489
17 0
15 1
11 2
16 3
12 4
t 490
12 0
1 1
8 2
7 3
13 4
t 491
0 0
13 1
1 2
7 3
6 4
t 492
2 0
8 1
7 2
13 3
12 4
t 493
12 0
4 1
13 2
8 3
7 4
t 494
4 0
11 1
8 2
12 3
13 4
t 495
0 0
13 1
1 2
7 3
2 4
t 496
2 0
8 1
7 2
12 3
13 4
t 497
13 0
3 1
8 2
4 3
9 4
t 498
9 0
17 1
8 2
12 3
7 4
t 499
9 0
19 1
14 2
18 3
13 4
t 500
7 0
6 1
12 2
11 3
17 4
t 501
4 0
11 1
8 2
12 3
7 4
t 502
8 0
18 1
13 2
14 3
19 4
t 503
7 0
6 1
12 2
11 3
16 4
t 504
11 0
8 1
6 2
7 3
2 4
t 505
11 0
8 1
6 2
7 3
1 4
t 506
15 0
5 1
10 2
6 3
11 4
t 507
17 0
7 1
12 2
13 3
8 4
t 508
15 0
7 1
16 2
12 3
17 4
t 509
15 0
7 1
16 2
12 3
11 4
t 510
6 0
12 1
7 2
13 3
8 4
t 511
16 0
6 1
11 2
10 3
5 4
t 512
1 0
17 1
7 2
12 3
8 4
t 513
7 0
17 1
12 2
11 3
16 4
t 514
1 0
17 1
7 2
12 3
13 4
t 515
4 0
1 1
8 2
7 3
12 4
t 516
2 0
17 1
6 2
11 3
5 4
t 517
12 0
2 1
8 2
7 3
13 4
t 518
16 0
0 1
11 2
5 3
10 4
t 519
0 0
3 1
5 2
10 3
6 4
t 520
12 0
3 1
7 2
2 3
6 4
t 521
2 0
17 1
6 2
11 3
10 4
t 522
16 0
0 1
11 2
5 3
6 4
t 523
3 0
1 1
10 2
6 3
11 4
t 524
12 0
3 1
11 2
10 3
6 4
t 525
10 0
0 1
6 2
1 3
2 4
t 526
12 0
3 1
7 2
2 3
1 4
t 527
12 0
3 1
11 2
10 3
5 4
t 528
10 0
0 1
6 2
1 3
7 4
t 529
3 0
1 1
10 2
6 3
5 4
t 530
4 0
1 1
8 2
7 3
13 4
t 531
5 0
1 1
6 2
7 3
2 4
t 532
17 0
1 1
12 2
7 3
13 4
t 533
6 0
13 1
7 2
12 3
8 4
t 534
19 0
7 1
18 2
13 3
14 4
t 535
12 0
6 1
16 2
11 3
17 4
t 536
5 0
15 1
11 2
10 3
6 4
t 537
9 0
18 1
8 2
13 3
7 4
t 538
9 0
18 1
8 2
13 3
12 4
t 539
16 0
10 1
12 2
11 3
17 4
t 540
16 0
13 1
17 2
12 3
11 4
t 541
17 0
2 1
11 2
6 3
10 4
t 542
17 0
2 1
11 2
6 3
5 4
t 543
9 0
7 1
8 2
13 3
12 4
t 544
11 0
2 1
10 2
6 3
5 4
t 545
7 0
18 1
12 2
13 3
8 4
t 546
8 0
19 1
13 2
14 3
18 4
t 547
0 0
3 1
1 2
2 3
7 4
t 548
0 0
3 1
5 2
10 3
11 4
t 549
0 0
3 1
1 2
2 3
6 4
t 550
9 0
7 1
8 2
12 3
13 4
t 551
5 0
12 1
6 2
11 3
10 4
t 552
2 0
16 1
7 2
12 3
13 4
t 553
16 0
7 1
11 2
12 3
17 4
t 554
2 0
16 1
7 2
12 3
8 4
t 555
18 0
2 1
13 2
7 3
12 4
t 556
8 0
17 1
7 2
12 3
13 4
t 557
8 0
19 1
13 2
18 3
14 4
t 558
10 0
0 1
6 2
5 3
11 4
t 559
8 0
1 1
13 2
7 3
12 4
t 560
4 0
19 1
8 2
13 3
12 4
t 561
4 0
19 1
8 2
13 3
7 4
t 562
14 0
9 1
13 2
8 3
12 4
t 563
18 0
2 1
13 2
7 3
8 4
t 564
14 0
9 1
13 2
8 3
7 4
t 565
1 0
15 1
6 2
10 3
11 4
t 566
5 0
1 1
6 2
2 3
7 4
t 567
13 0
15 1
12 2
16 3
11 4
t 568
19 0
4 1
13 2
8 3
7 4
t 569
13 0
15 1
12 2
16 3
17 4
t 570
1 0
15 1
6 2
10 3
5 4
t 571
19 0
4 1
13 2
8 3
12 4
t 572
11 0
2 1
6 2
1 3
7 4
t 573
15 0
6 1
10 2
11 3
5 4
t 574
7 0
5 1
6 2
10 3
11 4
t 575
6 0
17 1
11 2
12 3
16 4
t 576
17 0
1 1
12 2
7 3
8 4
t 577
11 0
4 1
12 2
8 3
7 4
t 578
18 0
12 1
14 2
13 3
19 4
t 579
7 0
16 1
6 2
11 3
10 4
t 580
11 0
4 1
12 2
8 3
13 4
t 581
7 0
16 1
6 2
11 3
5 4
t 582
13 0
9 1
19 2
14 3
18 4
t 583
1 0
14 1
7 2
13 3
12 4
t 584
15 0
17 1
10 2
11 3
5 4
t 585
15 0
17 1
10 2
11 3
6 4
t 586
9 0
7 1
4 2
8 3
3 4
t 587
5 0
16 1
10 2
11 3
6 4
t 588
1 0
14 1
7 2
13 3
8 4
t 589
5 0
15 1
11 2
16 3
12 4
t 590
7 0
5 1
6 2
11 3
10 4
t 591
5 0
15 1
11 2
16 3
17 4
t 592
11 0
13 1
6 2
7 3
1 4
t 593
11 0
13 1
6 2
7 3
2 4
t 594
3 0
17 1
8 2
12 3
7 4
t 595
11 0
2 1
6 2
7 3
1 4
t 596
19 0
8 1
13 2
7 3
12 4
t 597
3 0
17 1
8 2
12 3
13 4
t 598
14 0
12 1
18 2
13 3
19 4
t 599
7 0
5 1
2 2
6 3
1 4
t 600
18 0
6 1
13 2
7 3
12 4
t 601
5 0
1 1
10 2
6 3
11 4
t 602
6 0
17 1
11 2
16 3
12 4
t 603
18 0
8 1
19 2
13 3
14 4
t 604
6 0
15 1
5 2
10 3
11 4
t 605
18 0
6 1
13 2
7 3
8 4
t 606
12 0
7 1
11 2
6 3
5 4
t 607
12 0
7 1
11 2
6 3
10 4
t 608
19 0
7 1
14 2
13 3
18 4
t 609
16 0
3 1
12 2
8 3
7 4
t 610
15 0
12 1
16 2
17 3
11 4
t 611
8 0
10 1
7 2
6 3
2 4
t 612
16 0
3 1
12 2
8 3
13 4
t 613
12 0
3 1
7 2
8 3
13 4
t 614
11 0
7 1
17 2
12 3
16 4
t 615
1 0
3 1
7 2
8 3
12 4
t 616
1 0
3 1
7 2
8 3
13 4
t 617
13 0
5 1
7 2
6 3
2 4
t 618
7 0
18 1
8 2
13 3
12 4
t 619
13 0
5 1
7 2
6 3
1 4
t 620
0 0
10 1
1 2
6 3
2 4
t 621
0 0
10 1
1 2
6 3
7 4
t 622
8 0
2 1
12 2
7 3
13 4
t 623
8 0
10 1
7 2
6 3
1 4
t 624
17 0
13 1
11 2
12 3
16 4
t 625
2 0
12 1
3 2
8 3
4 4
t 626
5 0
8 1
6 2
7 3
2 4
t 627
5 0
8 1
6 2
7 3
1 4
t 628
15 0
12 1
16 2
11 3
17 4
t 629
11 0
15 1
12 2
16 3
17 4
t 630
6 0
17 1
7 2
12 3
8 4
t 631
3 0
6 1
8 2
7 3
12 4
t 632
3 0
6 1
8 2
7 3
13 4
t 633
13 0
16 1
7 2
12 3
8 4
t 634
12 0
9 1
13 2
8 3
7 4
t 635
2 0
5 1
7 2
6 3
1 4
t 636
6 0
17 1
7 2
12 3
13 4
t 637
12 0
6 1
8 2
7 3
13 4
t 638
12 0
10 1
16 2
11 3
17 4
t 639
1 0
11 1
2 2
6 3
7 4
t 640
0 0
10 1
5 2
11 3
6 4
t 641
10 0
1 1
5 2
6 3
11 4
t 642
9 0
13 1
14 2
19 3
18 4
t 643
17 0
5 1
16 2
11 3
12 4
t 644
12 0
14 1
7 2
13 3
8 4
t 645
6 0
0 1
10 2
5 3
11 4
t 646
11 0
8 1
16 2
12 3
17 4
t 647
9 0
13 1
14 2
18 3
19 4
t 648
9 0
11 1
8 2
12 3
7 4
t 649
5 0
16 1
6 2
11 3
10 4
t 650
9 0
11 1
8 2
12 3
13 4
t 651
3 0
5 1
10 2
11 3
6 4
t 652
12 0
10 1
11 2
6 3
5 4
t 653
0 0
7 1
1 2
6 3
2 4
t 654
3 0
16 1
10 2
11 3
5 4
t 655
3 0
16 1
10 2
11 3
6 4
t 656
3 0
12 1
2 2
7 3
6 4
t 657
3 0
14 1
8 2
13 3
7 4
t 658
5 0
8 1
11 2
12 3
17 4
t 659
5 0
8 1
11 2
12 3
16 4
t 660
3 0
12 1
2 2
7 3
1 4
t 661
3 0
1 1
2 2
6 3
7 4
t 662
3 0
14 1
8 2
13 3
12 4
t 663
17 0
8 1
16 2
12 3
11 4
t 664
11 0
18 1
12 2
13 3
7 4
t 665
11 0
18 1
12 2
13 3
8 4
t 666
12 0
10 1
11 2
5 3
6 4
t 667
12 0
19 1
13 2
14 3
18 4
t 668
1 0
11 1
7 2
12 3
8 4
t 669
17 0
5 1
11 2
10 3
6 4
t 670
1 0
11 1
7 2
12 3
13 4
t 671
11 0
7 1
12 2
13 3
8 4
t 672
3 0
1 1
2 2
7 3
6 4
t 673
1 0
12 1
6 2
7 3
2 4
t 674
8 0
2 1
7 2
6 3
1 4
t 675
16 0
6 1
12 2
7 3
13 4
t 676
6 0
9 1
7 2
8 3
13 4
t 677
6 0
9 1
7 2
8 3
12 4
t 678
7 0
3 1
12 2
8 3
13 4
t 679
16 0
6 1
12 2
7 3
8 4
t 680
18 0
9 1
13 2
8 3
7 4
t 681
17 0
15 1
12 2
16 3
11 4
t 682
2 0
13 1
7 2
8 3
12 4
t 683
18 0
8 1
14 2
13 3
19 4
t 684
18 0
9 1
13 2
8 3
12 4
t 685
0 0
7 1
1 2
2 3
6 4
t 686
10 0
17 1
11 2
12 3
16 4
t 687
3 0
14 1
8 2
9 3
4 4
t 688
14 0
12 1
9 2
8 3
4 4
t 689
12 0
19 1
13 2
18 3
14 4
t 690
10 0
7 1
6 2
1 3
2 4
t 691
3 0
5 1
10 2
6 3
11 4
t 692
15 0
2 1
10 2
6 3
11 4
t 693
15 0
2 1
10 2
6 3
5 4
t 694
17 0
5 1
11 2
6 3
10 4
t 695
1 0
8 1
2 2
7 3
6 4
t 696
16 0
3 1
11 2
10 3
6 4
t 697
16 0
3 1
11 2
10 3
5 4
t 698
9 0
14 1
8 2
13 3
7 4
t 699
7 0
3 1
8 2
4 3
9 4
t 700
19 0
7 1
13 2
12 3
8 4
t 701
8 0
5 1
12 2
11 3
16 4
t 702
8 0
5 1
12 2
11 3
17 4
t 703
7 0
14 1
12 2
13 3
8 4
t 704
2 0
9 1
3 2
8 3
4 4
t 705
2 0
10 1
6 2
11 3
5 4
t 706
12 0
1 1
13 2
7 3
8 4
t 707
12 0
9 1
8 2
4 3
3 4
t 708
1 0
11 1
7 2
6 3
2 4
t 709
10 0
13 1
3 2
8 3
4 4
t 710
12 0
10 1
7 2
6 3
1 4
t 711
12 0
10 1
7 2
6 3
2 4
t 712
15 0
6 1
10 2
5 3
11 4
t 713
13 0
11 1
12 2
17 3
16 4
t 714
8 0
16 1
12 2
11 3
17 4
t 715
18 0
9 1
13 2
14 3
19 4
t 716
15 0
8 1
16 2
12 3
17 4
t 717
15 0
8 1
16 2
12 3
11 4
t 718
9 0
14 1
8 2
13 3
12 4
t 719
13 0
11 1
12 2
16 3
17 4
t 720
10 0
7 1
6 2
2 3
1 4
t 721
14 0
7 1
19 2
13 3
18 4
t 722
6 0
13 1
11 2
12 3
17 4
t 723
6 0
13 1
11 2
12 3
16 4
t 724
17 0
19 1
12 2
13 3
8 4
t 725
19 0
11 1
13 2
12 3
7 4
t 726
4 0
12 1
8 2
13 3
7 4
t 727
17 0
19 1
12 2
13 3
7 4
t 728
8 0
6 1
7 2
2 3
1 4
t 729
19 0
11 1
13 2
12 3
8 4
t 730
2 0
10 1
6 2
5 3
11 4
t 731
8 0
6 1
7 2
1 3
2 4
t 732
7 0
12 1
6 2
11 3
10 4
t 733
14 0
16 1
13 2
12 3
7 4
t 734
7 0
14 1
8 2
9 3
4 4
t 735
17 0
8 1
12 2
13 3
7 4
t 736
7 0
12 1
6 2
11 3
5 4
t 737
14 0
16 1
13 2
12 3
8 4
t 738
2 0
9 1
3 2
4 3
8 4
t 739
10 0
17 1
11 2
16 3
12 4
t 740
0 0
7 1
5 2
6 3
10 4
t 741
0 0
7 1
5 2
6 3
11 4
t 742
13 0
1 1
7 2
2 3
6 4
t 743
1 0
18 1
7 2
13 3
8 4
t 744
5 0
12 1
10 2
11 3
6 4
t 745
1 0
18 1
7 2
13 3
12 4
t 746
12 0
2 1
8 2
3 3
4 4
t 747
8 0
16 1
12 2
17 3
11 4
t 748
2 0
9 1
7 2
8 3
13 4
t 749
3 0
8 1
2 2
7 3
1 4
t 750
2 0
9 1
7 2
8 3
12 4
t 751
3 0
8 1
2 2
7 3
6 4
t 752
3 0
12 1
10 2
11 3
5 4
t 753
3 0
12 1
10 2
11 3
6 4
t 754
7 0
17 1
13 2
12 3
8 4
t 755
14 0
8 1
18 2
13 3
19 4
t 756
17 0
8 1
12 2
7 3
13 4
t 757
13 0
11 1
8 2
12 3
7 4
t 758
1 0
8 1
6 2
7 3
2 4
t 759
16 0
6 1
12 2
11 3
17 4
t 760
16 0
7 1
11 2
6 3
5 4
t 761
6 0
13 1
7 2
8 3
12 4
t 762
16 0
7 1
11 2
6 3
10 4
t 763
12 0
5 1
17 2
11 3
16 4
t 764
13 0
4 1
12 2
8 3
7 4
t 765
13 0
1 1
7 2
6 3
2 4
t 766
7 0
14 1
8 2
13 3
12 4
t 767
4 0
12 1
8 2
7 3
13 4
t 768
5 0
12 1
6 2
7 3
1 4
t 769
5 0
12 1
6 2
7 3
2 4
t 770
5 0
12 1
11 2
17 3
16 4
t 771
6 0
3 1
7 2
8 3
13 4
t 772
1 0
5 1
6 2
10 3
11 4
t 773
6 0
3 1
7 2
8 3
12 4
t 774
12 0
3 1
8 2
4 3
9 4
t 775
13 0
5 1
12 2
11 3
16 4
t 776
13 0
5 1
12 2
11 3
17 4
t 777
3 0
7 1
4 2
8 3
9 4
t 778
1 0
5 1
6 2
11 3
10 4
t 779
18 0
3 1
13 2
8 3
12 4
t 780
18 0
3 1
13 2
8 3
7 4
t 781
6 0
12 1
5 2
11 3
10 4
t 782
17 0
13 1
16 2
12 3
11 4
t 783
1 0
16 1
6 2
11 3
5 4
t 784
1 0
16 1
6 2
11 3
10 4
t 785
10 0
8 1
6 2
7 3
1 4
t 786
17 0
2 1
12 2
7 3
13 4
t 787
10 0
8 1
6 2
7 3
2 4
t 788
7 0
3 1
1 2
2 3
6 4
t 789
5 0
13 1
6 2
7 3
1 4
t 790
5 0
13 1
6 2
7 3
2 4
t 791
17 0
13 1
12 2
7 3
8 4
t 792
2 0
17 1
7 2
12 3
13 4
t 793
2 0
17 1
7 2
12 3
8 4
t 794
5 0
2 1
6 2
1 3
7 4
t 795
7 0
18 1
13 2
14 3
19 4
t 796
12 0
6 1
17 2
11 3
16 4
t 797
17 0
2 1
12 2
7 3
8 4
t 798
3 0
7 1
8 2
13 3
12 4
t 799
13 0
6 1
7 2
2 3
1 4
t 800
0 0
11 1
1 2
6 3
2 4
t 801
0 0
11 1
1 2
6 3
7 4
t 802
3 0
18 1
8 2
13 3
12 4
t 803
10 0
1 1
6 2
2 3
7 4
t 804
3 0
18 1
8 2
13 3
7 4
t 805
16 0
18 1
12 2
13 3
8 4
t 806
15 0
7 1
10 2
6 3
5 4
t 807
15 0
7 1
10 2
6 3
11 4
t 808
16 0
18 1
12 2
13 3
7 4
t 809
13 0
6 1
7 2
1 3
2 4
t 810
3 0
5 1
2 2
6 3
7 4
t 811
3 0
7 1
8 2
12 3
13 4
t 812
12 0
15 1
11 2
10 3
5 4
t 813
8 0
9 1
13 2
14 3
18 4
t 814
12 0
15 1
11 2
10 3
6 4
t 815
6 0
14 1
7 2
13 3
12 4
t 816
6 0
14 1
7 2
13 3
8 4
t 817
8 0
9 1
13 2
14 3
19 4
t 818
6 0
12 1
1 2
7 3
2 4
t 819
10 0
7 1
3 2
8 3
4 4
t 820
14 0
17 1
13 2
12 3
7 4
t 821
14 0
17 1
13 2
12 3
8 4
t 822
5 0
2 1
10 2
6 3
11 4
t 823
3 0
5 1
2 2
6 3
1 4
t 824
11 0
15 1
17 2
16 3
12 4
t 825
9 0
19 1
8 2
13 3
12 4
t 826
7 0
18 1
13 2
19 3
14 4
t 827
8 0
10 1
12 2
11 3
16 4
t 828
8 0
10 1
12 2
11 3
17 4
t 829
5 0
16 1
11 2
12 3
17 4
t 830
9 0
19 1
8 2
13 3
7 4
t 831
16 0
8 1
11 2
12 3
17 4
t 832
12 0
6 1
13 2
7 3
8 4
t 833
7 0
19 1
12 2
13 3
8 4
t 834
13 0
16 1
12 2
11 3
17 4
t 835
15 0
11 1
10 2
6 3
5 4
t 836
6 0
7 1
11 2
12 3
16 4
t 837
6 0
7 1
11 2
12 3
17 4
t 838
0 0
11 1
5 2
10 3
6 4
t 839
8 0
18 1
7 2
13 3
12 4
t 840
15 0
13 1
16 2
12 3
17 4
t 841
12 0
14 1
8 2
13 3
7 4
t 842
15 0
13 1
16 2
12 3
11 4
t 843
1 0
4 1
7 2
8 3
12 4
t 844
11 0
8 1
17 2
12 3
16 4
t 845
8 0
0 1
7 2
1 3
2 4
t 846
10 0
1 1
6 2
7 3
2 4
t 847
1 0
4 1
7 2
8 3
13 4
t 848
12 0
4 1
7 2
8 3
13 4
t 849
13 0
16 1
12 2
17 3
11 4
t 850
8 0
2 1
13 2
7 3
12 4
t 851
8 0
0 1
7 2
1 3
6 4
t 852
10 0
12 1
6 2
7 3
2 4
t 853
10 0
12 1
6 2
7 3
1 4
t 854
1 0
12 1
2 2
7 3
6 4
t 855
9 0
1 1
8 2
7 3
12 4
t 856
9 0
1 1
8 2
7 3
13 4
t 857
11 0
3 1
6 2
2 3
7 4
t 858
7 0
17 1
6 2
11 3
10 4
t 859
7 0
17 1
6 2
11 3
5 4
t 860
2 0
3 1
6 2
10 3
11 4
t 861
5 0
17 1
10 2
11 3
6 4
t 862
11 0
3 1
6 2
2 3
1 4
t 863
12 0
14 1
8 2
9 3
4 4
t 864
2 0
13 1
3 2
8 3
4 4
t 865
14 0
12 1
19 2
13 3
18 4
t 866
5 0
1 1
11 2
6 3
10 4
t 867
17 0
3 1
11 2
10 3
6 4
t 868
17 0
3 1
11 2
10 3
5 4
t 869
5 0
16 1
11 2
17 3
12 4
t 870
17 0
6 1
16 2
11 3
12 4
t 871
0 0
11 1
5 2
6 3
10 4
t 872
16 0
1 1
11 2
6 3
10 4
t 873
16 0
1 1
11 2
6 3
5 4
t 874
3 0
14 1
4 2
9 3
8 4
t 875
8 0
11 1
7 2
6 3
1 4
t 876
8 0
11 1
7 2
6 3
2 4
t 877
7 0
11 1
13 2
12 3
8 4
t 878
19 0
8 1
18 2
13 3
14 4
t 879
6 0
0 1
11 2
5 3
10 4
t 880
19 0
16 1
13 2
12 3
7 4
t 881
19 0
16 1
13 2
12 3
8 4
t 882
17 0
13 1
12 2
8 3
7 4
t 883
6 0
16 1
5 2
11 3
10 4
t 884
2 0
3 1
6 2
10 3
5 4
t 885
1 0
12 1
6 2
11 3
10 4
t 886
10 0
2 1
5 2
6 3
11 4
t 887
9 0
12 1
8 2
7 3
13 4
t 888
10 0
12 1
6 2
11 3
5 4
t 889
1 0
12 1
6 2
11 3
5 4
t 890
15 0
0 1
10 2
5 3
6 4
t 891
15 0
0 1
10 2
5 3
11 4
t 892
2 0
13 1
7 2
12 3
8 4
t 893
4 0
16 1
8 2
12 3
7 4
t 894
15 0
11 1
10 2
5 3
6 4
t 895
4 0
16 1
8 2
12 3
13 4
t 896
13 0
16 1
8 2
12 3
7 4
t 897
12 0
15 1
11 2
16 3
17 4
t 898
2 0
11 1
1 2
6 3
7 4
t 899
12 0
10 1
17 2
11 3
16 4
t 900
7 0
19 1
8 2
13 3
12 4
t 901
13 0
9 1
12 2
8 3
7 4
t 902
10 0
7 1
11 2
6 3
5 4
t 903
7 0
3 1
13 2
8 3
12 4
t 904
13 0
1 1
12 2
7 3
8 4
t 905
16 0
14 1
12 2
13 3
8 4
t 906
11 0
3 1
5 2
10 3
6 4
t 907
16 0
14 1
12 2
13 3
7 4
t 908
1 0
12 1
7 2
8 3
13 4
t 909
4 0
6 1
8 2
7 3
12 4
t 910
4 0
6 1
8 2
7 3
13 4
t 911
11 0
8 1
12 2
7 3
13 4
t 912
7 0
11 1
12 2
16 3
17 4
t 913
17 0
6 1
11 2
10 3
5 4
t 914
16 0
15 1
11 2
10 3
6 4
t 915
16 0
15 1
11 2
10 3
5 4
t 916
14 0
2 1
13 2
7 3
8 4
t 917
14 0
2 1
13 2
7 3
12 4
t 918
8 0
3 1
7 2
2 3
6 4
t 919
8 0
3 1
7 2
2 3
1 4
t 920
3 0
6 1
10 2
5 3
11 4
t 921
10 0
12 1
5 2
11 3
6 4
t 922
7 0
11 1
12 2
17 3
16 4
t 923
16 0
6 1
17 2
11 3
12 4
t 924
11 0
19 1
12 2
13 3
7 4
t 925
11 0
19 1
12 2
13 3
8 4
t 926
11 0
8 1
12 2
13 3
7 4
t 927
2 0
11 1
6 2
10 3
5 4
t 928
12 0
10 1
8 2
3 3
4 4
t 929
7 0
4 1
12 2
8 3
13 4
t 930
19 0
8 1
13 2
12 3
7 4
t 931
13 0
9 1
7 2
8 3
12 4
t 932
1 0
19 1
7 2
13 3
8 4
t 933
12 0
0 1
11 2
5 3
10 4
t 934
12 0
0 1
11 2
5 3
6 4
t 935
1 0
19 1
7 2
13 3
12 4
t 936
7 0
11 1
8 2
12 3
13 4
t 937
17 0
5 1
12 2
11 3
16 4
t 938
2 0
8 1
1 2
7 3
6 4
t 939
15 0
5 1
16 2
11 3
12 4
t 940
12 0
9 1
13 2
14 3
18 4
t 941
8 0
16 1
13 2
12 3
7 4
t 942
18 0
17 1
13 2
12 3
7 4
t 943
18 0
17 1
13 2
12 3
8 4
t 944
15 0
5 1
16 2
11 3
17 4
t 945
12 0
9 1
13 2
14 3
19 4
t 946
8 0
6 1
12 2
7 3
13 4
t 947
17 0
6 1
11 2
5 3
10 4
t 948
4 0
13 1
8 2
12 3
7 4
t 949
16 0
10 1
17 2
11 3
12 4
t 950
13 0
1 1
8 2
7 3
12 4
t 951
2 0
0 1
6 2
5 3
11 4
t 952
2 0
0 1
6 2
5 3
10 4
t 953
11 0
7 1
5 2
6 3
10 4
t 954
3 0
11 1
8 2
12 3
13 4
t 955
1 0
8 1
7 2
12 3
13 4
t 956
11 0
1 1
12 2
7 3
8 4
t 957
11 0
1 1
12 2
7 3
13 4
t 958
17 0
9 1
12 2
8 3
13 4
t 959
6 0
8 1
1 2
7 3
2 4
t 960
2 0
11 1
6 2
5 3
10 4
t 961
1 0
8 1
7 2
13 3
12 4
t 962
17 0
9 1
12 2
8 3
7 4
t 963
13 0
2 1
7 2
1 3
6 4
t 964
6 0
3 1
7 2
2 3
1 4
t 965
6 0
3 1
11 2
10 3
5 4
t 966
6 0
0 1
2 2
1 3
7 4
t 967
7 0
10 1
1 2
6 3
2 4
t 968
12 0
2 1
13 2
7 3
8 4
t 969
12 0
0 1
7 2
1 3
6 4
t 970
8 0
17 1
12 2
11 3
16 4
t 971
12 0
0 1
7 2
1 3
2 4
t 972
10 0
7 1
11 2
12 3
16 4
t 973
10 0
7 1
11 2
12 3
17 4
t 974
17 0
10 1
11 2
6 3
5 4
t 975
12 0
18 1
7 2
13 3
8 4
t 976
3 0
11 1
8 2
12 3
7 4
t 977
16 0
7 1
12 2
13 3
8 4
t 978
7 0
14 1
13 2
18 3
19 4
t 979
8 0
6 1
12 2
11 3
16 4
t 980
17 0
10 1
11 2
5 3
6 4
t 981
8 0
6 1
12 2
11 3
17 4
t 982
13 0
2 1
7 2
6 3
1 4
t 983
19 0
1 1
13 2
7 3
12 4
t 984
0 0
15 1
5 2
10 3
6 4
t 985
2 0
10 1
7 2
6 3
1 4
t 986
0 0
15 1
5 2
10 3
11 4
t 987
4 0
13 1
8 2
7 3
12 4
t 988
19 0
12 1
13 2
7 3
8 4
t 989
8 0
14 1
7 2
13 3
12 4
t 990
7 0
14 1
13 2
19 3
18 4
t 991
2 0
0 1
6 2
1 3
7 4
t 992
12 0
11 1
7 2
6 3
2 4
t 993
4 0
2 1
8 2
7 3
12 4
t 994
7 0
15 1
12 2
16 3
11 4
t 995
12 0
11 1
7 2
6 3
1 4
t 996
4 0
2 1
8 2
7 3
13 4
t 997
18 0
12 1
19 2
13 3
14 4
t 998
19 0
12 1
13 2
8 3
7 4
t 999
5 0
2 1
6 2
7 3
1 4
t 1000
16 0
7 1
12 2
8 3
13 4
t 1001
14 0
13 1
9 2
8 3
4 4
t 1002
3 0
2 1
10 2
6 3
5 4
t 1003
3 0
2 1
10 2
6 3
11 4
t 1004
8 0
17 1
12 2
16 3
11 4
t 1005
10 0
0 1
11 2
5 3
6 4
t 1006
7 0
15 1
12 2
16 3
17 4
t 1007
14 0
8 1
19 2
13 3
18 4
t 1008
5 0
12 1
11 2
16 3
17 4
t 1009
14 0
6 1
13 2
7 3
12 4
t 1010
14 0
6 1
13 2
7 3
8 4
t 1011
10 0
16 1
5 2
11 3
6 4
t 1012
1 0
5 1
2 2
6 3
7 4
t 1013
19 0
1 1
13 2
7 3
8 4
t # -1