t 0
5 0
6 1
11 2
2 3
10 4
t 1
7 0
8 1
13 2
9 3
12 4
t 2
10 0
12 1
11 2
7 3
17 4
t 3
10 0
12 1
11 2
7 3
16 4
t 4
7 0
16 1
12 2
15 3
17 4
t 5
7 0
16 1
12 2
17 3
11 4
t 6
5 0
6 1
11 2
1 3
10 4
t 7
12 0
7 1
13 2
2 3
8 4
t 8
10 0
12 1
11 2
8 3
17 4
t 9
10 0
12 1
11 2
8 3
16 4
t 10
14 0
13 1
19 2
7 3
18 4
t 11
12 0
1 1
7 2
6 3
2 4
t 12
3 0
6 1
2 2
7 3
1 4
t 13
12 0
7 1
13 2
1 3
8 4
t 14
8 0
11 1
12 2
5 3
16 4
t 15
11 0
13 1
12 2
8 3
7 4
t 16
14 0
13 1
19 2
8 3
18 4
t 17
8 0
11 1
12 2
5 3
17 4
t 18
3 0
6 1
2 2
5 3
7 4
t 19
14 0
7 1
13 2
8 3
12 4
t 20
6 0
2 1
1 2
3 3
7 4
t 21
10 0
8 1
3 2
7 3
4 4
t 22
12 0
14 1
13 2
18 3
19 4
t 23
10 0
5 1
11 2
0 3
6 4
t 24
11 0
13 1
12 2
14 3
8 4
t 25
11 0
13 1
12 2
14 3
7 4
t 26
3 0
6 1
2 2
5 3
1 4
t 27
11 0
16 1
17 2
15 3
12 4
t 28
13 0
17 1
12 2
11 3
16 4
t 29
12 0
7 1
13 2
6 3
8 4
t 30
8 0
11 1
12 2
6 3
16 4
t 31
8 0
11 1
12 2
6 3
17 4
t 32
10 0
8 1
3 2
9 3
4 4
t 33
12 0
4 1
8 2
3 3
9 4
t 34
16 0
8 1
12 2
13 3
7 4
t 35
7 0
19 1
13 2
14 3
18 4
t 36
3 0
6 1
2 2
1 3
7 4
t 37
14 0
7 1
13 2
12 3
8 4
t 38
12 0
5 1
11 2
6 3
10 4
t 39
11 0
13 1
12 2
19 3
7 4
t 40
10 0
2 1
6 2
3 3
1 4
t 41
11 0
13 1
12 2
19 3
8 4
t 42
1 0
12 1
7 2
16 3
13 4
t 43
10 0
2 1
6 2
3 3
7 4
t 44
12 0
4 1
8 2
9 3
3 4
t 45
10 0
8 1
3 2
12 3
4 4
t 46
1 0
12 1
7 2
16 3
8 4
t 47
7 0
19 1
13 2
18 3
14 4
t 48
8 0
11 1
12 2
10 3
16 4
t 49
8 0
11 1
12 2
10 3
17 4
t 50
10 0
12 1
11 2
16 3
17 4
t 51
5 0
10 1
6 2
3 3
11 4
t 52
12 0
11 1
17 2
6 3
16 4
t 53
1 0
12 1
7 2
17 3
8 4
t 54
10 0
8 1
3 2
13 3
4 4
t 55
1 0
12 1
7 2
17 3
13 4
t 56
6 0
8 1
7 2
3 3
12 4
t 57
5 0
17 1
11 2
12 3
16 4
t 58
6 0
8 1
7 2
3 3
13 4
t 59
18 0
8 1
13 2
4 3
12 4
t 60
10 0
12 1
11 2
13 3
17 4
t 61
10 0
12 1
11 2
13 3
16 4
t 62
18 0
8 1
13 2
4 3
7 4
t 63
10 0
2 1
6 2
1 3
7 4
t 64
17 0
7 1
12 2
1 3
8 4
t 65
12 0
11 1
17 2
5 3
16 4
t 66
6 0
8 1
7 2
4 3
13 4
t 67
6 0
8 1
7 2
4 3
12 4
t 68
8 0
1 1
7 2
0 3
2 4
t 69
18 0
8 1
13 2
3 3
12 4
t 70
11 0
13 1
12 2
18 3
8 4
t 71
11 0
13 1
12 2
18 3
7 4
t 72
18 0
8 1
13 2
3 3
7 4
t 73
12 0
5 1
11 2
10 3
6 4
t 74
12 0
14 1
13 2
19 3
18 4
t 75
8 0
1 1
7 2
0 3
6 4
t 76
2 0
11 1
6 2
17 3
10 4
t 77
10 0
2 1
6 2
7 3
1 4
t 78
2 0
11 1
6 2
17 3
5 4
t 79
5 0
10 1
11 2
3 3
6 4
t 80
12 0
18 1
13 2
14 3
19 4
t 81
3 0
6 1
10 2
11 3
5 4
t 82
12 0
16 1
11 2
15 3
17 4
t 83
12 0
11 1
17 2
10 3
16 4
t 84
8 0
1 1
7 2
2 3
6 4
t 85
5 0
17 1
11 2
16 3
12 4
t 86
1 0
12 1
7 2
13 3
8 4
t 87
10 0
12 1
11 2
17 3
16 4
t 88
8 0
11 1
12 2
17 3
16 4
t 89
9 0
13 1
8 2
7 3
12 4
t 90
7 0
12 1
13 2
11 3
8 4
t 91
14 0
13 1
19 2
12 3
18 4
t 92
2 0
11 1
6 2
16 3
10 4
t 93
8 0
11 1
12 2
16 3
17 4
t 94
8 0
14 1
13 2
9 3
18 4
t 95
2 0
11 1
6 2
16 3
5 4
t 96
1 0
12 1
7 2
11 3
8 4
t 97
13 0
17 1
12 2
16 3
11 4
t 98
1 0
12 1
7 2
11 3
13 4
t 99
8 0
14 1
13 2
9 3
19 4
t 100
16 0
5 1
11 2
6 3
10 4
t 101
7 0
6 1
2 2
10 3
1 4
t 102
18 0
13 1
19 2
7 3
14 4
t 103
9 0
12 1
8 2
13 3
7 4
t 104
11 0
12 1
17 2
7 3
16 4
t 105
12 0
8 1
7 2
4 3
13 4
t 106
7 0
10 1
6 2
5 3
11 4
t 107
7 0
6 1
2 2
11 3
1 4
t 108
11 0
12 1
17 2
8 3
16 4
t 109
18 0
7 1
13 2
12 3
8 4
t 110
12 0
8 1
7 2
3 3
13 4
t 111
11 0
7 1
6 2
1 3
2 4
t 112
9 0
12 1
8 2
11 3
7 4
t 113
9 0
12 1
8 2
11 3
13 4
t 114
1 0
2 1
7 2
3 3
6 4
t 115
15 0
11 1
10 2
16 3
6 4
t 116
15 0
11 1
10 2
16 3
5 4
t 117
8 0
7 1
12 2
1 3
13 4
t 118
3 0
12 1
8 2
17 3
7 4
t 119
10 0
5 1
6 2
0 3
11 4
t 120
3 0
12 1
8 2
17 3
13 4
t 121
11 0
16 1
12 2
15 3
17 4
t 122
18 0
13 1
19 2
8 3
14 4
t 123
13 0
6 1
7 2
11 3
2 4
t 124
15 0
11 1
10 2
17 3
5 4
t 125
13 0
6 1
7 2
11 3
1 4
t 126
15 0
11 1
10 2
17 3
6 4
t 127
1 0
10 1
6 2
11 3
5 4
t 128
3 0
12 1
8 2
16 3
7 4
t 129
12 0
7 1
8 2
6 3
13 4
t 130
12 0
11 1
16 2
10 3
17 4
t 131
5 0
7 1
6 2
2 3
1 4
t 132
4 0
7 1
8 2
2 3
12 4
t 133
15 0
17 1
16 2
11 3
12 4
t 134
4 0
7 1
8 2
2 3
13 4
t 135
3 0
12 1
8 2
16 3
13 4
t 136
4 0
7 1
8 2
1 3
13 4
t 137
9 0
12 1
8 2
17 3
7 4
t 138
16 0
12 1
11 2
13 3
17 4
t 139
10 0
6 1
5 2
1 3
11 4
t 140
9 0
12 1
8 2
16 3
13 4
t 141
5 0
7 1
6 2
1 3
2 4
t 142
4 0
7 1
8 2
1 3
12 4
t 143
7 0
10 1
6 2
11 3
5 4
t 144
9 0
12 1
8 2
16 3
7 4
t 145
18 0
7 1
13 2
8 3
12 4
t 146
10 0
6 1
5 2
2 3
11 4
t 147
8 0
7 1
12 2
2 3
13 4
t 148
1 0
10 1
6 2
5 3
11 4
t 149
17 0
13 1
12 2
19 3
7 4
t 150
15 0
11 1
10 2
12 3
6 4
t 151
15 0
11 1
10 2
12 3
5 4
t 152
17 0
13 1
12 2
19 3
8 4
t 153
11 0
7 1
6 2
2 3
1 4
t 154
1 0
6 1
2 2
10 3
7 4
t 155
3 0
12 1
8 2
13 3
7 4
t 156
3 0
12 1
8 2
11 3
13 4
t 157
17 0
13 1
12 2
18 3
7 4
t 158
17 0
13 1
12 2
18 3
8 4
t 159
9 0
12 1
8 2
17 3
13 4
t 160
1 0
6 1
2 2
11 3
7 4
t 161
16 0
8 1
12 2
7 3
13 4
t 162
1 0
10 1
6 2
3 3
11 4
t 163
12 0
1 1
7 2
0 3
6 4
t 164
12 0
1 1
7 2
0 3
2 4
t 165
11 0
7 1
6 2
8 3
2 4
t 166
11 0
7 1
6 2
8 3
1 4
t 167
7 0
12 1
8 2
11 3
13 4
t 168
6 0
5 1
10 2
0 3
11 4
t 169
3 0
12 1
8 2
11 3
7 4
t 170
14 0
7 1
13 2
2 3
12 4
t 171
7 0
10 1
6 2
15 3
11 4
t 172
14 0
7 1
13 2
2 3
8 4
t 173
7 0
10 1
6 2
15 3
5 4
t 174
13 0
9 1
8 2
14 3
4 4
t 175
9 0
18 1
14 2
13 3
19 4
t 176
8 0
7 1
12 2
6 3
13 4
t 177
14 0
7 1
13 2
1 3
12 4
t 178
14 0
7 1
13 2
1 3
8 4
t 179
11 0
12 1
17 2
13 3
16 4
t 180
16 0
8 1
12 2
9 3
7 4
t 181
16 0
11 1
17 2
10 3
12 4
t 182
16 0
8 1
12 2
9 3
13 4
t 183
7 0
8 1
13 2
3 3
12 4
t 184
3 0
8 1
4 2
13 3
9 4
t 185
2 0
1 1
6 2
0 3
7 4
t 186
3 0
12 1
8 2
7 3
13 4
t 187
7 0
8 1
13 2
4 3
12 4
t 188
12 0
8 1
7 2
9 3
13 4
t 189
5 0
6 1
11 2
7 3
10 4
t 190
3 0
8 1
4 2
12 3
9 4
t 191
1 0
10 1
6 2
3 3
5 4
t 192
7 0
12 1
8 2
16 3
13 4
t 193
9 0
18 1
14 2
19 3
13 4
t 194
6 0
1 1
2 2
0 3
7 4
t 195
16 0
8 1
12 2
3 3
13 4
t 196
16 0
5 1
11 2
10 3
6 4
t 197
11 0
7 1
6 2
13 3
2 4
t 198
16 0
8 1
12 2
3 3
7 4
t 199
11 0
7 1
6 2
13 3
1 4
t 200
7 0
16 1
12 2
11 3
17 4
t 201
15 0
17 1
16 2
12 3
11 4
t 202
7 0
12 1
8 2
17 3
13 4
t 203
14 0
7 1
13 2
6 3
12 4
t 204
16 0
8 1
12 2
4 3
13 4
t 205
16 0
11 1
17 2
5 3
12 4
t 206
14 0
7 1
13 2
6 3
8 4
t 207
16 0
8 1
12 2
4 3
7 4
t 208
12 0
14 1
13 2
9 3
19 4
t 209
12 0
5 1
11 2
0 3
6 4
t 210
12 0
14 1
13 2
9 3
18 4
t 211
12 0
5 1
11 2
0 3
10 4
t 212
1 0
6 1
2 2
5 3
7 4
t 213
11 0
13 1
12 2
7 3
8 4
t 214
16 0
11 1
17 2
6 3
12 4
t 215
5 0
10 1
6 2
15 3
11 4
t 216
10 0
4 1
3 2
9 3
8 4
t 217
10 0
6 1
5 2
7 3
11 4
t 218
12 0
1 1
7 2
2 3
6 4
t 219
3 0
6 1
2 2
11 3
1 4
t 220
3 0
6 1
2 2
11 3
7 4
t 221
7 0
16 1
12 2
15 3
11 4
t 222
18 0
13 1
19 2
12 3
14 4
t 223
3 0
8 1
4 2
7 3
9 4
t 224
11 0
7 1
6 2
12 3
2 4
t 225
11 0
7 1
6 2
12 3
1 4
t 226
3 0
6 1
2 2
10 3
1 4
t 227
3 0
6 1
2 2
10 3
7 4
t 228
19 0
7 1
13 2
1 3
12 4
t 229
11 0
1 1
6 2
2 3
7 4
t 230
16 0
12 1
17 2
13 3
11 4
t 231
12 0
6 1
11 2
2 3
5 4
t 232
15 0
11 1
16 2
10 3
17 4
t 233
12 0
6 1
11 2
2 3
10 4
t 234
15 0
11 1
16 2
10 3
12 4
t 235
3 0
7 1
2 2
6 3
1 4
t 236
1 0
6 1
7 2
10 3
2 4
t 237
19 0
7 1
13 2
2 3
8 4
t 238
19 0
7 1
13 2
2 3
12 4
t 239
7 0
13 1
8 2
18 3
12 4
t 240
14 0
8 1
13 2
7 3
12 4
t 241
0 0
2 1
1 2
3 3
6 4
t 242
12 0
6 1
11 2
1 3
5 4
t 243
12 0
2 1
7 2
6 3
1 4
t 244
0 0
2 1
1 2
3 3
7 4
t 245
12 0
6 1
11 2
1 3
10 4
t 246
1 0
6 1
7 2
11 3
2 4
t 247
5 0
11 1
6 2
12 3
10 4
t 248
17 0
11 1
12 2
10 3
16 4
t 249
11 0
1 1
6 2
0 3
2 4
t 250
11 0
1 1
6 2
0 3
7 4
t 251
1 0
13 1
7 2
19 3
8 4
t 252
7 0
13 1
8 2
19 3
12 4
t 253
0 0
2 1
1 2
7 3
6 4
t 254
12 0
2 1
7 2
3 3
6 4
t 255
12 0
2 1
7 2
3 3
1 4
t 256
0 0
6 1
5 2
2 3
11 4
t 257
8 0
18 1
13 2
19 3
14 4
t 258
0 0
6 1
5 2
2 3
10 4
t 259
18 0
12 1
13 2
16 3
7 4
t 260
18 0
12 1
13 2
16 3
8 4
t 261
6 0
12 1
7 2
16 3
13 4
t 262
15 0
11 1
16 2
12 3
17 4
t 263
6 0
12 1
7 2
16 3
8 4
t 264
1 0
13 1
7 2
19 3
12 4
t 265
17 0
12 1
11 2
8 3
16 4
t 266
7 0
17 1
12 2
16 3
11 4
t 267
3 0
11 1
10 2
6 3
5 4
t 268
0 0
2 1
1 2
6 3
7 4
t 269
0 0
6 1
5 2
1 3
10 4
t 270
6 0
12 1
7 2
17 3
13 4
t 271
17 0
12 1
11 2
7 3
16 4
t 272
6 0
16 1
11 2
12 3
17 4
t 273
13 0
7 1
12 2
2 3
8 4
t 274
6 0
12 1
7 2
17 3
8 4
t 275
19 0
7 1
13 2
1 3
8 4
t 276
0 0
6 1
5 2
1 3
11 4
t 277
3 0
7 1
2 2
1 3
6 4
t 278
3 0
11 1
10 2
5 3
6 4
t 279
16 0
10 1
11 2
3 3
6 4
t 280
16 0
10 1
11 2
3 3
5 4
t 281
2 0
5 1
6 2
10 3
11 4
t 282
14 0
8 1
13 2
12 3
7 4
t 283
12 0
8 1
13 2
4 3
7 4
t 284
15 0
11 1
16 2
6 3
17 4
t 285
15 0
11 1
16 2
6 3
12 4
t 286
13 0
7 1
8 2
1 3
12 4
t 287
2 0
8 1
7 2
3 3
12 4
t 288
19 0
14 1
13 2
9 3
18 4
t 289
2 0
8 1
7 2
3 3
13 4
t 290
11 0
7 1
12 2
1 3
8 4
t 291
11 0
7 1
12 2
1 3
13 4
t 292
2 0
4 1
3 2
9 3
8 4
t 293
6 0
16 1
11 2
15 3
12 4
t 294
2 0
5 1
6 2
11 3
10 4
t 295
14 0
8 1
9 2
3 3
4 4
t 296
17 0
11 1
12 2
6 3
16 4
t 297
12 0
6 1
11 2
5 3
10 4
t 298
12 0
8 1
13 2
3 3
7 4
t 299
1 0
13 1
7 2
18 3
8 4
t 300
5 0
11 1
6 2
16 3
10 4
t 301
11 0
1 1
6 2
7 3
2 4
t 302
2 0
8 1
7 2
4 3
12 4
t 303
1 0
13 1
7 2
18 3
12 4
t 304
2 0
8 1
7 2
4 3
13 4
t 305
11 0
5 1
10 2
0 3
6 4
t 306
16 0
10 1
11 2
5 3
6 4
t 307
6 0
16 1
11 2
15 3
17 4
t 308
5 0
11 1
6 2
17 3
10 4
t 309
19 0
13 1
14 2
12 3
18 4
t 310
13 0
3 1
8 2
10 3
4 4
t 311
14 0
8 1
13 2
9 3
12 4
t 312
6 0
16 1
11 2
17 3
12 4
t 313
14 0
8 1
13 2
9 3
7 4
t 314
16 0
10 1
11 2
6 3
5 4
t 315
18 0
12 1
13 2
11 3
7 4
t 316
18 0
12 1
13 2
11 3
8 4
t 317
1 0
6 1
7 2
5 3
2 4
t 318
13 0
7 1
12 2
6 3
8 4
t 319
12 0
6 1
7 2
2 3
1 4
t 320
12 0
6 1
11 2
10 3
5 4
t 321
16 0
13 1
12 2
8 3
7 4
t 322
4 0
7 1
8 2
13 3
12 4
t 323
10 0
6 1
11 2
1 3
5 4
t 324
16 0
10 1
11 2
15 3
6 4
t 325
12 0
13 1
7 2
14 3
8 4
t 326
16 0
10 1
11 2
15 3
5 4
t 327
5 0
7 1
6 2
13 3
2 4
t 328
5 0
7 1
6 2
13 3
1 4
t 329
12 0
6 1
7 2
1 3
2 4
t 330
1 0
13 1
7 2
14 3
12 4
t 331
10 0
6 1
11 2
2 3
5 4
t 332
4 0
7 1
8 2
12 3
13 4
t 333
14 0
8 1
9 2
7 3
4 4
t 334
17 0
12 1
11 2
13 3
16 4
t 335
1 0
13 1
7 2
14 3
8 4
t 336
5 0
7 1
6 2
12 3
1 4
t 337
11 0
7 1
12 2
2 3
8 4
t 338
5 0
7 1
6 2
12 3
2 4
t 339
11 0
7 1
12 2
2 3
13 4
t 340
19 0
7 1
13 2
8 3
12 4
t 341
12 0
6 1
11 2
7 3
5 4
t 342
12 0
6 1
11 2
7 3
10 4
t 343
13 0
7 1
8 2
2 3
12 4
t 344
1 0
13 1
7 2
12 3
8 4
t 345
11 0
7 1
12 2
8 3
13 4
t 346
13 0
11 1
12 2
5 3
17 4
t 347
13 0
11 1
12 2
5 3
16 4
t 348
14 0
12 1
13 2
8 3
7 4
t 349
12 0
13 1
7 2
18 3
8 4
t 350
19 0
7 1
13 2
6 3
8 4
t 351
14 0
8 1
9 2
12 3
4 4
t 352
13 0
8 1
7 2
4 3
12 4
t 353
19 0
7 1
13 2
6 3
12 4
t 354
12 0
6 1
7 2
5 3
1 4
t 355
12 0
6 1
7 2
5 3
2 4
t 356
18 0
12 1
13 2
17 3
7 4
t 357
14 0
12 1
13 2
7 3
8 4
t 358
18 0
12 1
13 2
17 3
8 4
t 359
9 0
3 1
8 2
2 3
4 4
t 360
13 0
8 1
7 2
3 3
12 4
t 361
10 0
11 1
5 2
12 3
6 4
t 362
5 0
7 1
6 2
8 3
1 4
t 363
11 0
7 1
12 2
6 3
8 4
t 364
5 0
7 1
6 2
8 3
2 4
t 365
11 0
7 1
12 2
6 3
13 4
t 366
17 0
5 1
11 2
0 3
10 4
t 367
11 0
5 1
6 2
0 3
10 4
t 368
2 0
5 1
6 2
0 3
11 4
t 369
2 0
5 1
6 2
0 3
10 4
t 370
15 0
11 1
16 2
17 3
12 4
t 371
12 0
8 1
13 2
9 3
7 4
t 372
16 0
13 1
12 2
7 3
8 4
t 373
1 0
10 1
6 2
15 3
5 4
t 374
1 0
13 1
7 2
8 3
12 4
t 375
8 0
2 1
7 2
1 3
6 4
t 376
17 0
5 1
11 2
0 3
6 4
t 377
4 0
7 1
8 2
6 3
12 4
t 378
4 0
7 1
8 2
6 3
13 4
t 379
13 0
7 1
8 2
6 3
12 4
t 380
1 0
10 1
6 2
15 3
11 4
t 381
6 0
8 1
7 2
9 3
13 4
t 382
6 0
8 1
7 2
9 3
12 4
t 383
8 0
7 1
13 2
1 3
12 4
t 384
1 0
7 1
2 2
13 3
6 4
t 385
15 0
5 1
10 2
0 3
6 4
t 386
15 0
5 1
10 2
0 3
11 4
t 387
7 0
9 1
8 2
14 3
4 4
t 388
10 0
16 1
11 2
12 3
17 4
t 389
2 0
12 1
7 2
13 3
8 4
t 390
18 0
8 1
13 2
9 3
7 4
t 391
8 0
1 1
7 2
6 3
2 4
t 392
18 0
8 1
13 2
9 3
12 4
t 393
17 0
7 1
12 2
6 3
8 4
t 394
17 0
7 1
12 2
6 3
13 4
t 395
0 0
10 1
5 2
3 3
11 4
t 396
1 0
11 1
6 2
10 3
5 4
t 397
16 0
6 1
11 2
5 3
10 4
t 398
0 0
6 1
1 2
11 3
7 4
t 399
6 0
12 1
11 2
7 3
17 4
t 400
6 0
12 1
11 2
7 3
16 4
t 401
7 0
12 1
13 2
16 3
8 4
t 402
6 0
1 1
7 2
0 3
2 4
t 403
0 0
6 1
1 2
11 3
2 4
t 404
18 0
8 1
13 2
12 3
7 4
t 405
9 0
13 1
8 2
12 3
7 4
t 406
3 0
13 1
8 2
14 3
7 4
t 407
17 0
11 1
16 2
5 3
12 4
t 408
19 0
13 1
18 2
8 3
14 4
t 409
3 0
13 1
8 2
14 3
12 4
t 410
0 0
6 1
1 2
10 3
7 4
t 411
6 0
12 1
11 2
8 3
17 4
t 412
6 0
12 1
11 2
8 3
16 4
t 413
7 0
12 1
13 2
17 3
8 4
t 414
0 0
6 1
1 2
10 3
2 4
t 415
0 0
10 1
5 2
6 3
11 4
t 416
6 0
8 1
7 2
12 3
13 4
t 417
2 0
12 1
7 2
11 3
13 4
t 418
2 0
12 1
7 2
11 3
8 4
t 419
1 0
7 1
2 2
12 3
6 4
t 420
7 0
11 1
6 2
5 3
10 4
t 421
17 0
7 1
12 2
8 3
13 4
t 422
8 0
7 1
13 2
2 3
12 4
t 423
0 0
6 1
1 2
5 3
2 4
t 424
2 0
8 1
3 2
12 3
4 4
t 425
9 0
13 1
8 2
14 3
7 4
t 426
6 0
10 1
5 2
3 3
11 4
t 427
17 0
7 1
12 2
2 3
13 4
t 428
10 0
16 1
11 2
15 3
12 4
t 429
0 0
6 1
1 2
5 3
7 4
t 430
6 0
8 1
7 2
13 3
12 4
t 431
10 0
16 1
11 2
15 3
17 4
t 432
3 0
13 1
8 2
12 3
7 4
t 433
7 0
13 1
12 2
14 3
8 4
t 434
17 0
7 1
12 2
1 3
13 4
t 435
2 0
8 1
3 2
13 3
4 4
t 436
1 0
11 1
6 2
5 3
10 4
t 437
10 0
16 1
11 2
17 3
12 4
t 438
2 0
12 1
7 2
8 3
13 4
t 439
19 0
13 1
18 2
7 3
14 4
t 440
17 0
7 1
12 2
2 3
8 4
t 441
16 0
6 1
11 2
1 3
5 4
t 442
0 0
6 1
1 2
7 3
2 4
t 443
16 0
6 1
11 2
1 3
10 4
t 444
0 0
10 1
5 2
3 3
6 4
t 445
8 0
14 1
13 2
18 3
19 4
t 446
3 0
9 1
4 2
14 3
8 4
t 447
6 0
5 1
11 2
0 3
10 4
t 448
7 0
11 1
6 2
10 3
5 4
t 449
16 0
6 1
11 2
2 3
10 4
t 450
12 0
18 1
13 2
19 3
14 4
t 451
18 0
8 1
13 2
7 3
12 4
t 452
16 0
6 1
11 2
2 3
5 4
t 453
8 0
12 1
7 2
11 3
13 4
t 454
9 0
13 1
8 2
14 3
12 4
t 455
8 0
7 1
13 2
6 3
12 4
t 456
5 0
10 1
11 2
15 3
6 4
t 457
1 0
7 1
2 2
8 3
6 4
t 458
9 0
13 1
8 2
18 3
7 4
t 459
9 0
13 1
8 2
18 3
12 4
t 460
6 0
12 1
11 2
13 3
17 4
t 461
3 0
13 1
8 2
7 3
12 4
t 462
6 0
12 1
11 2
13 3
16 4
t 463
2 0
6 1
1 2
10 3
7 4
t 464
1 0
7 1
6 2
13 3
2 4
t 465
2 0
8 1
3 2
9 3
4 4
t 466
7 0
11 1
6 2
12 3
10 4
t 467
7 0
11 1
6 2
12 3
5 4
t 468
7 0
13 1
12 2
18 3
8 4
t 469
8 0
14 1
13 2
19 3
18 4
t 470
14 0
4 1
9 2
3 3
8 4
t 471
2 0
6 1
1 2
11 3
7 4
t 472
3 0
11 1
10 2
17 3
5 4
t 473
3 0
11 1
10 2
17 3
6 4
t 474
3 0
7 1
2 2
13 3
1 4
t 475
3 0
7 1
2 2
13 3
6 4
t 476
0 0
6 1
5 2
7 3
11 4
t 477
0 0
6 1
5 2
7 3
10 4
t 478
5 0
11 1
10 2
12 3
6 4
t 479
17 0
11 1
16 2
10 3
12 4
t 480
16 0
12 1
17 2
7 3
11 4
t 481
7 0
13 1
12 2
19 3
8 4
t 482
18 0
12 1
13 2
8 3
7 4
t 483
0 0
6 1
5 2
11 3
10 4
t 484
3 0
7 1
2 2
12 3
1 4
t 485
3 0
11 1
10 2
16 3
5 4
t 486
3 0
11 1
10 2
16 3
6 4
t 487
9 0
19 1
14 2
13 3
18 4
t 488
3 0
7 1
2 2
12 3
6 4
t 489
17 0
11 1
12 2
5 3
16 4
t 490
8 0
12 1
7 2
17 3
13 4
t 491
19 0
13 1
14 2
8 3
18 4
t 492
15 0
5 1
10 2
11 3
6 4
t 493
9 0
13 1
8 2
19 3
12 4
t 494
0 0
6 1
1 2
2 3
7 4
t 495
0 0
6 1
5 2
10 3
11 4
t 496
6 0
12 1
11 2
16 3
17 4
t 497
6 0
12 1
7 2
8 3
13 4
t 498
18 0
12 1
13 2
7 3
8 4
t 499
16 0
12 1
17 2
8 3
11 4
t 500
2 0
8 1
3 2
7 3
4 4
t 501
9 0
13 1
8 2
19 3
7 4
t 502
15 0
11 1
16 2
5 3
17 4
t 503
1 0
7 1
6 2
12 3
2 4
t 504
8 0
12 1
7 2
16 3
13 4
t 505
15 0
11 1
16 2
5 3
12 4
t 506
14 0
8 1
13 2
4 3
12 4
t 507
14 0
8 1
13 2
4 3
7 4
t 508
12 0
2 1
7 2
1 3
6 4
t 509
16 0
6 1
11 2
7 3
5 4
t 510
6 0
12 1
11 2
17 3
16 4
t 511
16 0
6 1
11 2
7 3
10 4
t 512
13 0
7 1
12 2
1 3
8 4
t 513
2 0
1 1
7 2
0 3
6 4
t 514
7 0
13 1
8 2
14 3
12 4
t 515
14 0
8 1
13 2
3 3
12 4
t 516
7 0
11 1
6 2
16 3
10 4
t 517
7 0
11 1
6 2
16 3
5 4
t 518
2 0
8 1
7 2
13 3
12 4
t 519
14 0
8 1
13 2
3 3
7 4
t 520
17 0
11 1
16 2
6 3
12 4
t 521
6 0
12 1
7 2
11 3
8 4
t 522
2 0
8 1
7 2
12 3
13 4
t 523
19 0
13 1
14 2
7 3
18 4
t 524
5 0
11 1
10 2
16 3
6 4
t 525
9 0
19 1
14 2
18 3
13 4
t 526
7 0
11 1
6 2
17 3
10 4
t 527
7 0
11 1
6 2
17 3
5 4
t 528
8 0
18 1
13 2
14 3
19 4
t 529
6 0
12 1
7 2
11 3
13 4
t 530
2 0
8 1
7 2
9 3
13 4
t 531
15 0
5 1
10 2
6 3
11 4
t 532
3 0
7 1
2 2
8 3
1 4
t 533
3 0
9 1
8 2
14 3
4 4
t 534
17 0
7 1
12 2
13 3
8 4
t 535
2 0
8 1
7 2
9 3
12 4
t 536
5 0
11 1
10 2
17 3
6 4
t 537
3 0
7 1
2 2
8 3
6 4
t 538
3 0
11 1
10 2
12 3
5 4
t 539
3 0
11 1
10 2
12 3
6 4
t 540
19 0
13 1
18 2
12 3
14 4
t 541
18 0
14 1
19 2
9 3
13 4
t 542
2 0
6 1
1 2
5 3
7 4
t 543
6 0
10 1
5 2
15 3
11 4
t 544
6 0
12 1
7 2
13 3
8 4
t 545
16 0
6 1
11 2
10 3
5 4
t 546
7 0
17 1
12 2
11 3
16 4
t 547
13 0
3 1
8 2
2 3
4 4
t 548
1 0
7 1
6 2
8 3
2 4
t 549
7 0
2 1
1 2
3 3
6 4
t 550
15 0
12 1
16 2
7 3
17 4
t 551
10 0
7 1
6 2
13 3
2 4
t 552
10 0
7 1
6 2
13 3
1 4
t 553
15 0
12 1
16 2
7 3
11 4
t 554
5 0
1 1
6 2
7 3
2 4
t 555
12 0
16 1
17 2
15 3
11 4
t 556
8 0
13 1
7 2
19 3
12 4
t 557
6 0
13 1
7 2
12 3
8 4
t 558
13 0
12 1
7 2
11 3
8 4
t 559
15 0
12 1
16 2
8 3
17 4
t 560
15 0
12 1
16 2
8 3
11 4
t 561
8 0
6 1
7 2
10 3
2 4
t 562
9 0
13 1
14 2
7 3
19 4
t 563
9 0
13 1
14 2
7 3
18 4
t 564
8 0
6 1
7 2
11 3
1 4
t 565
8 0
6 1
7 2
11 3
2 4
t 566
11 0
10 1
5 2
3 3
6 4
t 567
9 0
7 1
8 2
13 3
12 4
t 568
8 0
19 1
13 2
14 3
18 4
t 569
6 0
13 1
7 2
14 3
12 4
t 570
6 0
13 1
7 2
14 3
8 4
t 571
8 0
6 1
7 2
10 3
1 4
t 572
6 0
11 1
5 2
16 3
10 4
t 573
10 0
7 1
6 2
12 3
1 4
t 574
13 0
4 1
8 2
3 3
9 4
t 575
10 0
7 1
6 2
12 3
2 4
t 576
9 0
7 1
8 2
12 3
13 4
t 577
11 0
2 1
6 2
3 3
7 4
t 578
13 0
12 1
7 2
17 3
8 4
t 579
8 0
19 1
13 2
18 3
14 4
t 580
6 0
11 1
5 2
17 3
10 4
t 581
11 0
2 1
6 2
3 3
1 4
t 582
13 0
4 1
8 2
9 3
3 4
t 583
9 0
13 1
14 2
8 3
18 4
t 584
9 0
13 1
14 2
8 3
19 4
t 585
13 0
12 1
7 2
16 3
8 4
t 586
5 0
1 1
6 2
2 3
7 4
t 587
11 0
2 1
6 2
1 3
7 4
t 588
15 0
6 1
10 2
11 3
5 4
t 589
7 0
5 1
6 2
10 3
11 4
t 590
6 0
17 1
11 2
12 3
16 4
t 591
13 0
8 1
12 2
4 3
7 4
t 592
5 0
1 1
6 2
0 3
7 4
t 593
7 0
11 1
12 2
5 3
16 4
t 594
7 0
11 1
12 2
5 3
17 4
t 595
5 0
1 1
6 2
0 3
2 4
t 596
6 0
13 1
7 2
18 3
12 4
t 597
17 0
12 1
16 2
13 3
11 4
t 598
6 0
13 1
7 2
18 3
8 4
t 599
13 0
8 1
12 2
3 3
7 4
t 600
7 0
5 1
6 2
11 3
10 4
t 601
6 0
10 1
11 2
3 3
5 4
t 602
1 0
11 1
6 2
17 3
5 4
t 603
7 0
11 1
12 2
6 3
16 4
t 604
7 0
11 1
12 2
6 3
17 4
t 605
6 0
13 1
7 2
19 3
12 4
t 606
11 0
2 1
6 2
7 3
1 4
t 607
19 0
8 1
13 2
7 3
12 4
t 608
6 0
13 1
7 2
19 3
8 4
t 609
1 0
11 1
6 2
17 3
10 4
t 610
13 0
8 1
12 2
9 3
7 4
t 611
11 0
10 1
5 2
15 3
6 4
t 612
9 0
13 1
14 2
12 3
19 4
t 613
6 0
17 1
11 2
16 3
12 4
t 614
9 0
13 1
14 2
12 3
18 4
t 615
11 0
6 1
10 2
1 3
5 4
t 616
15 0
12 1
16 2
17 3
11 4
t 617
0 0
10 1
5 2
15 3
6 4
t 618
0 0
10 1
5 2
15 3
11 4
t 619
17 0
6 1
11 2
2 3
10 4
t 620
12 0
13 1
8 2
14 3
7 4
t 621
17 0
6 1
11 2
2 3
5 4
t 622
11 0
6 1
10 2
2 3
5 4
t 623
8 0
12 1
13 2
11 3
7 4
t 624
1 0
11 1
6 2
16 3
5 4
t 625
17 0
6 1
11 2
1 3
10 4
t 626
1 0
11 1
6 2
16 3
10 4
t 627
17 0
6 1
11 2
1 3
5 4
t 628
2 0
12 1
7 2
16 3
8 4
t 629
2 0
12 1
7 2
16 3
13 4
t 630
7 0
11 1
12 2
10 3
16 4
t 631
7 0
11 1
12 2
10 3
17 4
t 632
15 0
12 1
16 2
11 3
17 4
t 633
11 0
6 1
10 2
7 3
5 4
t 634
19 0
8 1
13 2
3 3
7 4
t 635
7 0
6 1
1 2
5 3
2 4
t 636
19 0
8 1
13 2
3 3
12 4
t 637
2 0
12 1
7 2
17 3
8 4
t 638
2 0
12 1
7 2
17 3
13 4
t 639
3 0
13 1
8 2
19 3
12 4
t 640
3 0
13 1
8 2
19 3
7 4
t 641
12 0
13 1
8 2
19 3
7 4
t 642
19 0
8 1
13 2
4 3
12 4
t 643
19 0
8 1
13 2
4 3
7 4
t 644
11 0
8 1
12 2
3 3
7 4
t 645
11 0
8 1
12 2
3 3
13 4
t 646
0 0
10 1
5 2
11 3
6 4
t 647
9 0
13 1
14 2
19 3
18 4
t 648
3 0
13 1
8 2
18 3
12 4
t 649
8 0
12 1
13 2
17 3
7 4
t 650
3 0
13 1
8 2
18 3
7 4
t 651
12 0
13 1
8 2
18 3
7 4
t 652
15 0
12 1
16 2
13 3
17 4
t 653
15 0
12 1
16 2
13 3
11 4
t 654
11 0
8 1
12 2
4 3
7 4
t 655
11 0
8 1
12 2
4 3
13 4
t 656
1 0
11 1
6 2
12 3
10 4
t 657
9 0
13 1
14 2
18 3
19 4
t 658
8 0
12 1
13 2
16 3
7 4
t 659
10 0
11 1
6 2
12 3
5 4
t 660
1 0
11 1
6 2
12 3
5 4
t 661
11 0
6 1
5 2
1 3
10 4
t 662
3 0
5 1
10 2
11 3
6 4
t 663
12 0
6 1
7 2
10 3
1 4
t 664
12 0
6 1
7 2
10 3
2 4
t 665
12 0
10 1
11 2
6 3
5 4
t 666
3 0
7 1
8 2
1 3
12 4
t 667
0 0
7 1
1 2
6 3
2 4
t 668
3 0
7 1
8 2
1 3
13 4
t 669
7 0
1 1
6 2
0 3
2 4
t 670
17 0
8 1
12 2
4 3
13 4
t 671
3 0
1 1
2 2
6 3
7 4
t 672
17 0
8 1
12 2
4 3
7 4
t 673
11 0
6 1
5 2
2 3
10 4
t 674
8 0
2 1
7 2
3 3
6 4
t 675
8 0
2 1
7 2
3 3
1 4
t 676
12 0
10 1
11 2
5 3
6 4
t 677
12 0
19 1
13 2
14 3
18 4
t 678
17 0
8 1
12 2
3 3
7 4
t 679
17 0
5 1
11 2
10 3
6 4
t 680
14 0
12 1
13 2
11 3
8 4
t 681
14 0
12 1
13 2
11 3
7 4
t 682
17 0
8 1
12 2
3 3
13 4
t 683
11 0
7 1
12 2
13 3
8 4
t 684
3 0
1 1
2 2
7 3
6 4
t 685
10 0
11 1
5 2
16 3
6 4
t 686
2 0
7 1
1 2
13 3
6 4
t 687
8 0
2 1
7 2
6 3
1 4
t 688
10 0
6 1
11 2
7 3
5 4
t 689
0 0
7 1
1 2
8 3
2 4
t 690
0 0
7 1
1 2
8 3
6 4
t 691
16 0
13 1
12 2
18 3
8 4
t 692
16 0
13 1
12 2
18 3
7 4
t 693
2 0
10 1
6 2
15 3
5 4
t 694
13 0
11 1
12 2
6 3
16 4
t 695
2 0
13 1
7 2
8 3
12 4
t 696
13 0
11 1
12 2
6 3
17 4
t 697
2 0
10 1
6 2
15 3
11 4
t 698
12 0
10 1
11 2
3 3
5 4
t 699
12 0
10 1
11 2
3 3
6 4
t 700
14 0
8 1
9 2
13 3
4 4
t 701
12 0
13 1
7 2
19 3
8 4
t 702
16 0
13 1
12 2
19 3
7 4
t 703
16 0
13 1
12 2
19 3
8 4
t 704
0 0
7 1
1 2
2 3
6 4
t 705
10 0
17 1
11 2
12 3
16 4
t 706
7 0
3 1
8 2
2 3
4 4
t 707
14 0
12 1
13 2
16 3
8 4
t 708
14 0
12 1
13 2
16 3
7 4
t 709
2 0
7 1
1 2
12 3
6 4
t 710
12 0
19 1
13 2
18 3
14 4
t 711
10 0
7 1
6 2
1 3
2 4
t 712
3 0
5 1
10 2
6 3
11 4
t 713
9 0
3 1
8 2
10 3
4 4
t 714
13 0
1 1
7 2
0 3
6 4
t 715
13 0
1 1
7 2
0 3
2 4
t 716
9 0
3 1
4 2
2 3
8 4
t 717
17 0
5 1
11 2
6 3
10 4
t 718
9 0
7 1
8 2
1 3
12 4
t 719
9 0
7 1
8 2
1 3
13 4
t 720
4 0
12 1
8 2
17 3
7 4
t 721
4 0
12 1
8 2
17 3
13 4
t 722
16 0
13 1
12 2
14 3
8 4
t 723
3 0
1 1
2 2
0 3
7 4
t 724
3 0
1 1
2 2
0 3
6 4
t 725
19 0
7 1
13 2
12 3
8 4
t 726
16 0
13 1
12 2
14 3
7 4
t 727
10 0
11 1
5 2
17 3
6 4
t 728
13 0
8 1
7 2
9 3
12 4
t 729
12 0
6 1
7 2
11 3
1 4
t 730
2 0
10 1
6 2
11 3
5 4
t 731
13 0
11 1
12 2
10 3
16 4
t 732
12 0
6 1
7 2
11 3
2 4
t 733
4 0
12 1
8 2
16 3
7 4
t 734
13 0
11 1
12 2
10 3
17 4
t 735
4 0
12 1
8 2
16 3
13 4
t 736
6 0
7 1
1 2
8 3
2 4
t 737
6 0
2 1
7 2
3 3
1 4
t 738
15 0
6 1
10 2
5 3
11 4
t 739
7 0
1 1
2 2
0 3
6 4
t 740
13 0
11 1
12 2
17 3
16 4
t 741
17 0
12 1
16 2
8 3
11 4
t 742
9 0
7 1
8 2
2 3
13 4
t 743
8 0
16 1
12 2
11 3
17 4
t 744
9 0
7 1
8 2
2 3
12 4
t 745
2 0
7 1
1 2
8 3
6 4
t 746
17 0
12 1
16 2
7 3
11 4
t 747
13 0
11 1
12 2
16 3
17 4
t 748
10 0
7 1
6 2
2 3
1 4
t 749
4 0
12 1
8 2
13 3
7 4
t 750
8 0
6 1
7 2
2 3
1 4
t 751
8 0
16 1
12 2
15 3
11 4
t 752
8 0
13 1
7 2
14 3
12 4
t 753
2 0
10 1
6 2
5 3
11 4
t 754
15 0
6 1
10 2
7 3
5 4
t 755
15 0
6 1
10 2
7 3
11 4
t 756
11 0
6 1
5 2
7 3
10 4
t 757
8 0
6 1
7 2
1 3
2 4
t 758
17 0
8 1
12 2
13 3
7 4
t 759
3 0
5 1
10 2
0 3
6 4
t 760
3 0
5 1
10 2
0 3
11 4
t 761
4 0
12 1
8 2
11 3
13 4
t 762
10 0
17 1
11 2
16 3
12 4
t 763
6 0
7 1
1 2
12 3
2 4
t 764
13 0
1 1
7 2
2 3
6 4
t 765
14 0
12 1
13 2
17 3
8 4
t 766
14 0
12 1
13 2
17 3
7 4
t 767
10 0
7 1
6 2
8 3
1 4
t 768
10 0
7 1
6 2
8 3
2 4
t 769
7 0
5 1
6 2
0 3
10 4
t 770
4 0
12 1
8 2
11 3
7 4
t 771
7 0
5 1
6 2
0 3
11 4
t 772
2 0
10 1
6 2
3 3
11 4
t 773
8 0
16 1
12 2
17 3
11 4
t 774
15 0
6 1
10 2
1 3
11 4
t 775
6 0
7 1
1 2
13 3
2 4
t 776
7 0
3 1
8 2
10 3
4 4
t 777
15 0
6 1
10 2
1 3
5 4
t 778
12 0
9 1
8 2
14 3
4 4
t 779
9 0
7 1
8 2
6 3
13 4
t 780
8 0
16 1
12 2
15 3
17 4
t 781
15 0
6 1
10 2
2 3
11 4
t 782
9 0
3 1
4 2
10 3
8 4
t 783
17 0
8 1
12 2
7 3
13 4
t 784
9 0
7 1
8 2
6 3
12 4
t 785
15 0
6 1
10 2
2 3
5 4
t 786
6 0
13 1
7 2
8 3
12 4
t 787
8 0
13 1
7 2
18 3
12 4
t 788
19 0
14 1
18 2
9 3
13 4
t 789
12 0
10 1
11 2
15 3
5 4
t 790
12 0
10 1
11 2
15 3
6 4
t 791
13 0
1 1
7 2
6 3
2 4
t 792
17 0
16 1
11 2
15 3
12 4
t 793
2 0
10 1
6 2
3 3
5 4
t 794
8 0
6 1
7 2
5 3
1 4
t 795
8 0
6 1
7 2
5 3
2 4
t 796
17 0
8 1
12 2
9 3
13 4
t 797
6 0
11 1
5 2
12 3
10 4
t 798
4 0
12 1
8 2
7 3
13 4
t 799
17 0
8 1
12 2
9 3
7 4
t 800
16 0
11 1
12 2
6 3
17 4
t 801
5 0
12 1
11 2
17 3
16 4
t 802
1 0
5 1
6 2
10 3
11 4
t 803
1 0
8 1
7 2
3 3
12 4
t 804
1 0
8 1
7 2
3 3
13 4
t 805
1 0
8 1
7 2
4 3
12 4
t 806
18 0
13 1
14 2
12 3
19 4
t 807
1 0
5 1
6 2
11 3
10 4
t 808
0 0
11 1
5 2
17 3
10 4
t 809
1 0
8 1
7 2
4 3
13 4
t 810
5 0
2 1
6 2
3 3
7 4
t 811
0 0
11 1
5 2
17 3
6 4
t 812
5 0
2 1
6 2
3 3
1 4
t 813
19 0
12 1
13 2
17 3
8 4
t 814
12 0
3 1
8 2
2 3
4 4
t 815
19 0
12 1
13 2
17 3
7 4
t 816
7 0
8 1
12 2
9 3
13 4
t 817
17 0
13 1
12 2
7 3
8 4
t 818
18 0
14 1
13 2
9 3
19 4
t 819
2 0
7 1
6 2
8 3
1 4
t 820
5 0
2 1
6 2
1 3
7 4
t 821
13 0
12 1
8 2
11 3
7 4
t 822
7 0
18 1
13 2
14 3
19 4
t 823
14 0
13 1
18 2
7 3
19 4
t 824
3 0
7 1
8 2
13 3
12 4
t 825
13 0
6 1
7 2
2 3
1 4
t 826
2 0
6 1
7 2
10 3
1 4
t 827
10 0
1 1
6 2
2 3
7 4
t 828
13 0
6 1
7 2
1 3
2 4
t 829
18 0
13 1
14 2
8 3
19 4
t 830
3 0
7 1
8 2
12 3
13 4
t 831
2 0
6 1
7 2
11 3
1 4
t 832
19 0
12 1
13 2
16 3
7 4
t 833
19 0
12 1
13 2
16 3
8 4
t 834
2 0
13 1
7 2
19 3
12 4
t 835
2 0
13 1
7 2
19 3
8 4
t 836
0 0
11 1
5 2
16 3
10 4
t 837
13 0
12 1
8 2
17 3
7 4
t 838
10 0
1 1
6 2
0 3
2 4
t 839
0 0
11 1
5 2
16 3
6 4
t 840
10 0
1 1
6 2
0 3
7 4
t 841
7 0
18 1
13 2
19 3
14 4
t 842
5 0
16 1
11 2
12 3
17 4
t 843
16 0
11 1
12 2
5 3
17 4
t 844
13 0
12 1
8 2
16 3
7 4
t 845
13 0
16 1
12 2
11 3
17 4
t 846
15 0
11 1
10 2
6 3
5 4
t 847
0 0
11 1
5 2
10 3
6 4
t 848
12 0
7 1
8 2
1 3
13 4
t 849
14 0
13 1
18 2
12 3
19 4
t 850
12 0
11 1
16 2
5 3
17 4
t 851
2 0
13 1
7 2
18 3
12 4
t 852
13 0
6 1
7 2
5 3
2 4
t 853
2 0
13 1
7 2
18 3
8 4
t 854
13 0
6 1
7 2
5 3
1 4
t 855
0 0
7 1
1 2
13 3
6 4
t 856
10 0
1 1
6 2
7 3
2 4
t 857
13 0
16 1
12 2
17 3
11 4
t 858
0 0
7 1
1 2
13 3
2 4
t 859
9 0
8 1
4 2
7 3
3 4
t 860
5 0
16 1
11 2
15 3
12 4
t 861
16 0
5 1
11 2
0 3
6 4
t 862
5 0
16 1
11 2
15 3
17 4
t 863
16 0
5 1
11 2
0 3
10 4
t 864
1 0
5 1
6 2
0 3
11 4
t 865
0 0
11 1
5 2
12 3
6 4
t 866
1 0
5 1
6 2
0 3
10 4
t 867
0 0
11 1
5 2
12 3
10 4
t 868
12 0
3 1
8 2
10 3
4 4
t 869
17 0
13 1
12 2
14 3
7 4
t 870
17 0
13 1
12 2
14 3
8 4
t 871
7 0
6 1
2 2
5 3
1 4
t 872
3 0
7 1
8 2
6 3
13 4
t 873
18 0
7 1
13 2
6 3
12 4
t 874
11 0
10 1
6 2
15 3
5 4
t 875
3 0
7 1
8 2
6 3
12 4
t 876
18 0
7 1
13 2
6 3
8 4
t 877
2 0
6 1
7 2
5 3
1 4
t 878
13 0
16 1
12 2
15 3
11 4
t 879
5 0
16 1
11 2
17 3
12 4
t 880
13 0
16 1
12 2
15 3
17 4
t 881
0 0
11 1
5 2
6 3
10 4
t 882
13 0
6 1
7 2
10 3
1 4
t 883
13 0
6 1
7 2
10 3
2 4
t 884
18 0
7 1
13 2
1 3
8 4
t 885
16 0
11 1
12 2
10 3
17 4
t 886
9 0
8 1
4 2
13 3
3 4
t 887
14 0
13 1
18 2
8 3
19 4
t 888
17 0
10 1
11 2
15 3
6 4
t 889
2 0
13 1
7 2
14 3
8 4
t 890
17 0
13 1
12 2
8 3
7 4
t 891
13 0
14 1
19 2
9 3
18 4
t 892
9 0
8 1
4 2
12 3
3 4
t 893
17 0
10 1
11 2
15 3
5 4
t 894
2 0
13 1
7 2
14 3
12 4
t 895
9 0
12 1
8 2
7 3
13 4
t 896
16 0
12 1
11 2
7 3
17 4
t 897
0 0
7 1
1 2
12 3
6 4
t 898
18 0
7 1
13 2
2 3
12 4
t 899
7 0
10 1
6 2
3 3
11 4
t 900
0 0
7 1
1 2
12 3
2 4
t 901
7 0
10 1
6 2
3 3
5 4
t 902
2 0
13 1
7 2
12 3
8 4
t 903
15 0
11 1
10 2
5 3
6 4
t 904
18 0
7 1
13 2
2 3
8 4
t 905
3 0
7 1
8 2
2 3
13 4
t 906
16 0
12 1
11 2
8 3
17 4
t 907
3 0
7 1
8 2
2 3
12 4
t 908
12 0
7 1
8 2
2 3
13 4
t 909
18 0
7 1
13 2
1 3
12 4
t 910
12 0
11 1
16 2
6 3
17 4
t 911
11 0
8 1
12 2
9 3
13 4
t 912
16 0
7 1
12 2
2 3
8 4
t 913
16 0
7 1
12 2
2 3
13 4
t 914
1 0
2 1
6 2
3 3
7 4
t 915
8 0
13 1
12 2
14 3
7 4
t 916
16 0
7 1
12 2
1 3
13 4
t 917
10 0
11 1
6 2
17 3
5 4
t 918
11 0
8 1
12 2
9 3
7 4
t 919
4 0
13 1
8 2
19 3
7 4
t 920
4 0
13 1
8 2
19 3
12 4
t 921
3 0
6 1
10 2
7 3
5 4
t 922
1 0
12 1
7 2
8 3
13 4
t 923
3 0
6 1
10 2
7 3
11 4
t 924
17 0
6 1
11 2
7 3
5 4
t 925
17 0
6 1
11 2
7 3
10 4
t 926
4 0
13 1
8 2
18 3
7 4
t 927
7 0
6 1
1 2
10 3
2 4
t 928
11 0
8 1
12 2
7 3
13 4
t 929
4 0
13 1
8 2
18 3
12 4
t 930
7 0
14 1
13 2
9 3
18 4
t 931
7 0
14 1
13 2
9 3
19 4
t 932
7 0
11 1
12 2
16 3
17 4
t 933
17 0
6 1
11 2
10 3
5 4
t 934
7 0
6 1
1 2
11 3
2 4
t 935
2 0
11 1
6 2
12 3
5 4
t 936
13 0
14 1
18 2
9 3
19 4
t 937
2 0
11 1
6 2
12 3
10 4
t 938
3 0
6 1
10 2
5 3
11 4
t 939
6 0
10 1
11 2
15 3
5 4
t 940
7 0
11 1
12 2
17 3
16 4
t 941
10 0
11 1
6 2
16 3
5 4
t 942
8 0
13 1
12 2
18 3
7 4
t 943
11 0
8 1
12 2
13 3
7 4
t 944
2 0
11 1
6 2
10 3
5 4
t 945
6 0
11 1
10 2
12 3
5 4
t 946
6 0
7 1
2 2
8 3
1 4
t 947
19 0
8 1
13 2
12 3
7 4
t 948
4 0
13 1
8 2
14 3
7 4
t 949
3 0
6 1
10 2
2 3
5 4
t 950
5 0
12 1
11 2
7 3
16 4
t 951
5 0
12 1
11 2
7 3
17 4
t 952
11 0
12 1
16 2
7 3
17 4
t 953
3 0
6 1
10 2
2 3
11 4
t 954
4 0
13 1
8 2
14 3
12 4
t 955
7 0
2 1
6 2
3 3
1 4
t 956
19 0
8 1
13 2
9 3
7 4
t 957
19 0
8 1
13 2
9 3
12 4
t 958
16 0
7 1
12 2
1 3
8 4
t 959
11 0
12 1
16 2
8 3
17 4
t 960
3 0
6 1
10 2
1 3
5 4
t 961
5 0
12 1
11 2
8 3
16 4
t 962
5 0
12 1
11 2
8 3
17 4
t 963
3 0
6 1
10 2
1 3
11 4
t 964
8 0
13 1
12 2
19 3
7 4
t 965
17 0
6 1
11 2
5 3
10 4
t 966
11 0
12 1
16 2
13 3
17 4
t 967
7 0
4 1
8 2
3 3
9 4
t 968
19 0
12 1
13 2
11 3
7 4
t 969
4 0
13 1
8 2
12 3
7 4
t 970
19 0
12 1
13 2
11 3
8 4
t 971
1 0
8 1
7 2
12 3
13 4
t 972
5 0
6 1
10 2
7 3
11 4
t 973
2 0
11 1
6 2
5 3
10 4
t 974
6 0
11 1
10 2
16 3
5 4
t 975
1 0
8 1
7 2
13 3
12 4
t 976
6 0
7 1
2 2
12 3
1 4
t 977
17 0
10 1
11 2
3 3
5 4
t 978
13 0
2 1
7 2
1 3
6 4
t 979
17 0
10 1
11 2
3 3
6 4
t 980
1 0
8 1
7 2
9 3
12 4
t 981
1 0
8 1
7 2
9 3
13 4
t 982
18 0
13 1
14 2
7 3
19 4
t 983
8 0
17 1
12 2
11 3
16 4
t 984
6 0
11 1
10 2
17 3
5 4
t 985
6 0
7 1
2 2
13 3
1 4
t 986
17 0
10 1
11 2
6 3
5 4
t 987
16 0
7 1
12 2
13 3
8 4
t 988
7 0
14 1
13 2
18 3
19 4
t 989
17 0
10 1
11 2
5 3
6 4
t 990
2 0
7 1
6 2
13 3
1 4
t 991
13 0
2 1
7 2
6 3
1 4
t 992
16 0
7 1
12 2
6 3
13 4
t 993
5 0
12 1
11 2
13 3
16 4
t 994
5 0
12 1
11 2
13 3
17 4
t 995
16 0
7 1
12 2
6 3
8 4
t 996
7 0
8 1
12 2
3 3
13 4
t 997
4 0
13 1
8 2
7 3
12 4
t 998
19 0
12 1
13 2
7 3
8 4
t 999
7 0
14 1
13 2
19 3
18 4
t 1000
11 0
10 1
6 2
3 3
5 4
t 1001
17 0
16 1
12 2
15 3
11 4
t 1002
7 0
8 1
12 2
4 3
13 4
t 1003
19 0
12 1
13 2
8 3
7 4
t 1004
5 0
2 1
6 2
7 3
1 4
t 1005
16 0
7 1
12 2
8 3
13 4
t 1006
5 0
6 1
10 2
2 3
11 4
t 1007
8 0
17 1
12 2
16 3
11 4
t 1008
7 0
4 1
8 2
9 3
3 4
t 1009
2 0
7 1
6 2
12 3
1 4
t 1010
13 0
2 1
7 2
3 3
1 4
t 1011
5 0
12 1
11 2
16 3
17 4
t 1012
5 0
6 1
10 2
1 3
11 4
t 1013
13 0
2 1
7 2
3 3
6 4
t # -1