t 0
16 0
11 1
12 2
6 3
17 4
t 1
16 0
12 1
17 2
13 3
11 4
t 2
5 0
6 1
11 2
2 3
10 4
t 3
7 0
2 1
1 2
3 3
6 4
t 4
7 0
8 1
13 2
9 3
12 4
t 5
1 0
6 1
7 2
10 3
2 4
t 6
4 0
3 1
9 2
2 3
8 4
t 7
18 0
13 1
14 2
12 3
19 4
t 8
7 0
13 1
8 2
18 3
12 4
t 9
5 0
6 1
11 2
1 3
10 4
t 10
12 0
16 1
17 2
15 3
11 4
t 11
8 0
13 1
7 2
19 3
12 4
t 12
13 0
12 1
7 2
11 3
8 4
t 13
12 0
7 1
13 2
2 3
8 4
t 14
1 0
6 1
7 2
11 3
2 4
t 15
5 0
11 1
6 2
12 3
10 4
t 16
14 0
13 1
19 2
7 3
18 4
t 17
17 0
11 1
12 2
10 3
16 4
t 18
7 0
13 1
8 2
19 3
12 4
t 19
7 0
8 1
12 2
9 3
13 4
t 20
12 0
7 1
13 2
1 3
8 4
t 21
11 0
10 1
5 2
3 3
6 4
t 22
14 0
13 1
19 2
8 3
18 4
t 23
17 0
12 1
11 2
8 3
16 4
t 24
18 0
14 1
13 2
9 3
19 4
t 25
2 0
7 1
6 2
8 3
1 4
t 26
17 0
12 1
11 2
7 3
16 4
t 27
13 0
12 1
8 2
11 3
7 4
t 28
6 0
11 1
5 2
16 3
10 4
t 29
13 0
7 1
12 2
2 3
8 4
t 30
14 0
13 1
18 2
7 3
19 4
t 31
6 0
2 1
1 2
3 3
7 4
t 32
2 0
6 1
7 2
10 3
1 4
t 33
13 0
12 1
7 2
17 3
8 4
t 34
10 0
5 1
11 2
0 3
6 4
t 35
12 0
8 1
13 2
4 3
7 4
t 36
6 0
11 1
5 2
17 3
10 4
t 37
13 0
7 1
8 2
1 3
12 4
t 38
19 0
14 1
13 2
9 3
18 4
t 39
11 0
16 1
17 2
15 3
12 4
t 40
18 0
13 1
14 2
8 3
19 4
t 41
2 0
6 1
7 2
11 3
1 4
t 42
13 0
12 1
7 2
16 3
8 4
t 43
12 0
7 1
13 2
6 3
8 4
t 44
17 0
11 1
12 2
6 3
16 4
t 45
12 0
8 1
13 2
3 3
7 4
t 46
5 0
11 1
6 2
16 3
10 4
t 47
11 0
5 1
10 2
0 3
6 4
t 48
13 0
12 1
8 2
17 3
7 4
t 49
5 0
11 1
6 2
17 3
10 4
t 50
13 0
8 1
12 2
4 3
7 4
t 51
19 0
13 1
14 2
12 3
18 4
t 52
16 0
11 1
12 2
5 3
17 4
t 53
13 0
12 1
8 2
16 3
7 4
t 54
17 0
12 1
16 2
13 3
11 4
t 55
1 0
6 1
7 2
5 3
2 4
t 56
13 0
8 1
12 2
3 3
7 4
t 57
13 0
7 1
12 2
6 3
8 4
t 58
6 0
10 1
11 2
3 3
5 4
t 59
10 0
6 1
11 2
1 3
5 4
t 60
12 0
7 1
8 2
1 3
13 4
t 61
14 0
13 1
18 2
12 3
19 4
t 62
12 0
13 1
7 2
14 3
8 4
t 63
12 0
11 1
16 2
5 3
17 4
t 64
13 0
8 1
12 2
9 3
7 4
t 65
11 0
10 1
5 2
15 3
6 4
t 66
10 0
6 1
11 2
2 3
5 4
t 67
5 0
10 1
6 2
3 3
11 4
t 68
12 0
11 1
17 2
6 3
16 4
t 69
17 0
12 1
11 2
13 3
16 4
t 70
11 0
6 1
10 2
1 3
5 4
t 71
12 0
13 1
8 2
14 3
7 4
t 72
12 0
11 1
17 2
5 3
16 4
t 73
11 0
6 1
10 2
2 3
5 4
t 74
7 0
6 1
2 2
5 3
1 4
t 75
11 0
10 1
6 2
15 3
5 4
t 76
2 0
6 1
7 2
5 3
1 4
t 77
8 0
12 1
13 2
11 3
7 4
t 78
13 0
7 1
8 2
2 3
12 4
t 79
5 0
10 1
11 2
3 3
6 4
t 80
16 0
11 1
12 2
10 3
17 4
t 81
12 0
13 1
7 2
18 3
8 4
t 82
13 0
8 1
7 2
4 3
12 4
t 83
14 0
13 1
18 2
8 3
19 4
t 84
11 0
6 1
10 2
7 3
5 4
t 85
7 0
6 1
1 2
5 3
2 4
t 86
13 0
14 1
19 2
9 3
18 4
t 87
12 0
16 1
11 2
15 3
17 4
t 88
12 0
11 1
17 2
10 3
16 4
t 89
12 0
13 1
8 2
19 3
7 4
t 90
10 0
11 1
5 2
12 3
6 4
t 91
13 0
8 1
7 2
3 3
12 4
t 92
16 0
12 1
11 2
7 3
17 4
t 93
11 0
5 1
6 2
0 3
10 4
t 94
8 0
12 1
13 2
17 3
7 4
t 95
12 0
13 1
8 2
18 3
7 4
t 96
7 0
12 1
13 2
11 3
8 4
t 97
14 0
13 1
19 2
12 3
18 4
t 98
8 0
3 1
9 2
2 3
4 4
t 99
16 0
12 1
11 2
8 3
17 4
t 100
12 0
8 1
13 2
9 3
7 4
t 101
8 0
12 1
13 2
16 3
7 4
t 102
12 0
7 1
8 2
2 3
13 4
t 103
12 0
11 1
16 2
6 3
17 4
t 104
10 0
11 1
6 2
12 3
5 4
t 105
13 0
7 1
8 2
6 3
12 4
t 106
11 0
6 1
5 2
1 3
10 4
t 107
7 0
6 1
2 2
10 3
1 4
t 108
18 0
13 1
19 2
7 3
14 4
t 109
1 0
2 1
6 2
3 3
7 4
t 110
11 0
12 1
17 2
7 3
16 4
t 111
8 0
7 1
13 2
1 3
12 4
t 112
1 0
7 1
2 2
13 3
6 4
t 113
12 0
8 1
7 2
4 3
13 4
t 114
8 0
13 1
12 2
14 3
7 4
t 115
7 0
1 1
6 2
0 3
2 4
t 116
10 0
11 1
6 2
17 3
5 4
t 117
7 0
6 1
2 2
11 3
1 4
t 118
11 0
12 1
17 2
8 3
16 4
t 119
11 0
6 1
5 2
2 3
10 4
t 120
12 0
8 1
7 2
3 3
13 4
t 121
10 0
11 1
5 2
16 3
6 4
t 122
2 0
7 1
1 2
13 3
6 4
t 123
7 0
12 1
13 2
16 3
8 4
t 124
7 0
6 1
1 2
10 3
2 4
t 125
6 0
1 1
7 2
0 3
2 4
t 126
10 0
6 1
11 2
7 3
5 4
t 127
1 0
2 1
7 2
3 3
6 4
t 128
8 0
7 1
12 2
1 3
13 4
t 129
10 0
5 1
6 2
0 3
11 4
t 130
17 0
11 1
16 2
5 3
12 4
t 131
19 0
13 1
18 2
8 3
14 4
t 132
11 0
16 1
12 2
15 3
17 4
t 133
7 0
6 1
1 2
11 3
2 4
t 134
7 0
12 1
13 2
17 3
8 4
t 135
18 0
13 1
19 2
8 3
14 4
t 136
13 0
14 1
18 2
9 3
19 4
t 137
6 0
10 1
11 2
15 3
5 4
t 138
12 0
7 1
8 2
6 3
13 4
t 139
1 0
7 1
2 2
12 3
6 4
t 140
12 0
11 1
16 2
10 3
17 4
t 141
12 0
13 1
7 2
19 3
8 4
t 142
8 0
7 1
13 2
2 3
12 4
t 143
10 0
11 1
6 2
16 3
5 4
t 144
6 0
10 1
5 2
3 3
11 4
t 145
16 0
12 1
11 2
13 3
17 4
t 146
8 0
13 1
12 2
18 3
7 4
t 147
10 0
6 1
5 2
1 3
11 4
t 148
2 0
7 1
1 2
12 3
6 4
t 149
7 0
13 1
12 2
14 3
8 4
t 150
6 0
11 1
10 2
12 3
5 4
t 151
6 0
7 1
2 2
8 3
1 4
t 152
10 0
6 1
5 2
2 3
11 4
t 153
19 0
13 1
18 2
7 3
14 4
t 154
8 0
7 1
12 2
2 3
13 4
t 155
11 0
12 1
16 2
7 3
17 4
t 156
7 0
2 1
6 2
3 3
1 4
t 157
1 0
6 1
2 2
10 3
7 4
t 158
6 0
5 1
11 2
0 3
10 4
t 159
8 0
9 1
3 2
14 3
4 4
t 160
10 0
11 1
5 2
17 3
6 4
t 161
8 0
3 1
9 2
10 3
4 4
t 162
13 0
8 1
7 2
9 3
12 4
t 163
11 0
12 1
16 2
8 3
17 4
t 164
8 0
12 1
7 2
11 3
13 4
t 165
8 0
13 1
12 2
19 3
7 4
t 166
6 0
7 1
1 2
8 3
2 4
t 167
8 0
7 1
13 2
6 3
12 4
t 168
5 0
10 1
11 2
15 3
6 4
t 169
1 0
6 1
2 2
11 3
7 4
t 170
1 0
7 1
2 2
8 3
6 4
t 171
6 0
2 1
7 2
3 3
1 4
t 172
4 0
9 1
3 2
14 3
8 4
t 173
11 0
12 1
16 2
13 3
17 4
t 174
2 0
6 1
1 2
10 3
7 4
t 175
1 0
7 1
6 2
13 3
2 4
t 176
7 0
12 1
8 2
11 3
13 4
t 177
7 0
1 1
2 2
0 3
6 4
t 178
17 0
12 1
16 2
8 3
11 4
t 179
6 0
5 1
10 2
0 3
11 4
t 180
7 0
13 1
12 2
18 3
8 4
t 181
4 0
3 1
9 2
10 3
8 4
t 182
2 0
6 1
1 2
11 3
7 4
t 183
2 0
7 1
1 2
8 3
6 4
t 184
5 0
6 1
10 2
7 3
11 4
t 185
17 0
12 1
16 2
7 3
11 4
t 186
6 0
11 1
10 2
16 3
5 4
t 187
6 0
7 1
2 2
12 3
1 4
t 188
8 0
7 1
12 2
6 3
13 4
t 189
5 0
11 1
10 2
12 3
6 4
t 190
17 0
11 1
16 2
10 3
12 4
t 191
16 0
12 1
17 2
7 3
11 4
t 192
18 0
13 1
14 2
7 3
19 4
t 193
7 0
13 1
12 2
19 3
8 4
t 194
11 0
12 1
17 2
13 3
16 4
t 195
16 0
11 1
17 2
10 3
12 4
t 196
7 0
8 1
13 2
3 3
12 4
t 197
8 0
13 1
7 2
14 3
12 4
t 198
8 0
12 1
7 2
17 3
13 4
t 199
17 0
11 1
12 2
5 3
16 4
t 200
6 0
11 1
10 2
17 3
5 4
t 201
6 0
7 1
2 2
13 3
1 4
t 202
19 0
13 1
14 2
8 3
18 4
t 203
2 0
1 1
6 2
0 3
7 4
t 204
11 0
6 1
5 2
7 3
10 4
t 205
7 0
8 1
13 2
4 3
12 4
t 206
16 0
12 1
17 2
8 3
11 4
t 207
12 0
8 1
7 2
9 3
13 4
t 208
5 0
6 1
11 2
7 3
10 4
t 209
1 0
7 1
6 2
12 3
2 4
t 210
8 0
12 1
7 2
16 3
13 4
t 211
6 0
7 1
1 2
12 3
2 4
t 212
2 0
7 1
6 2
13 3
1 4
t 213
7 0
12 1
8 2
16 3
13 4
t 214
6 0
1 1
2 2
0 3
7 4
t 215
7 0
8 1
12 2
3 3
13 4
t 216
13 0
7 1
12 2
1 3
8 4
t 217
6 0
7 1
1 2
13 3
2 4
t 218
2 0
1 1
7 2
0 3
6 4
t 219
11 0
10 1
6 2
3 3
5 4
t 220
7 0
13 1
8 2
14 3
12 4
t 221
7 0
12 1
8 2
17 3
13 4
t 222
17 0
16 1
12 2
15 3
11 4
t 223
16 0
11 1
17 2
5 3
12 4
t 224
7 0
8 1
12 2
4 3
13 4
t 225
17 0
11 1
16 2
6 3
12 4
t 226
19 0
13 1
14 2
7 3
18 4
t 227
5 0
11 1
10 2
16 3
6 4
t 228
1 0
6 1
2 2
5 3
7 4
t 229
16 0
11 1
17 2
6 3
12 4
t 230
5 0
10 1
6 2
15 3
11 4
t 231
10 0
6 1
5 2
7 3
11 4
t 232
5 0
6 1
10 2
2 3
11 4
t 233
8 0
13 1
7 2
18 3
12 4
t 234
5 0
11 1
10 2
17 3
6 4
t 235
19 0
14 1
18 2
9 3
13 4
t 236
19 0
13 1
18 2
12 3
14 4
t 237
2 0
7 1
6 2
12 3
1 4
t 238
18 0
13 1
19 2
12 3
14 4
t 239
17 0
16 1
11 2
15 3
12 4
t 240
18 0
14 1
19 2
9 3
13 4
t 241
5 0
6 1
10 2
1 3
11 4
t 242
2 0
6 1
1 2
5 3
7 4
t 243
6 0
10 1
5 2
15 3
11 4
t 244
6 0
11 1
5 2
12 3
10 4
t 245
1 0
7 1
6 2
8 3
2 4
t # -1