t 0
12 0
3 1
14 2
7 3
18 4
8 5
13 6
t 1
17 0
5 1
15 2
12 3
0 4
11 5
16 6
t 2
18 0
9 1
7 2
14 3
8 4
19 5
13 6
t 3
2 0
5 1
8 2
1 3
12 4
6 5
7 6
t 4
13 0
9 1
4 2
19 3
8 4
18 5
14 6
t 5
7 0
3 1
14 2
12 3
18 4
8 5
13 6
t 6
12 0
1 1
3 2
13 3
4 4
7 5
8 6
t 7
12 0
5 1
15 2
17 3
0 4
11 5
16 6
t 8
2 0
8 1
5 2
1 3
10 4
7 5
6 6
t 9
7 0
5 1
0 2
2 3
8 4
6 5
1 6
t 10
1 0
8 1
5 2
2 3
10 4
7 5
6 6
t 11
19 0
9 1
4 2
13 3
8 4
18 5
14 6
t 12
11 0
15 1
7 2
16 3
8 4
17 5
12 6
t 13
14 0
9 1
7 2
18 3
8 4
19 5
13 6
t 14
12 0
3 1
1 2
13 3
2 4
8 5
7 6
t 15
16 0
15 1
7 2
11 3
8 4
17 5
12 6
t 16
1 0
5 1
8 2
2 3
12 4
6 5
7 6
t 17
2 0
5 1
0 2
7 3
8 4
6 5
1 6
t 18
14 0
9 1
4 2
13 3
8 4
19 5
18 6
t 19
19 0
9 1
7 2
14 3
8 4
18 5
13 6
t 20
17 0
7 1
15 2
11 3
1 4
12 5
16 6
t 21
10 0
1 1
12 2
5 3
16 4
6 5
11 6
t 22
13 0
9 1
4 2
14 3
8 4
19 5
18 6
t 23
7 0
5 1
3 2
1 3
8 4
6 5
2 6
t 24
12 0
5 1
0 2
16 3
6 4
11 5
17 6
t 25
11 0
7 1
15 2
17 3
1 4
12 5
16 6
t 26
6 0
8 1
0 2
2 3
3 4
7 5
1 6
t 27
1 0
5 1
3 2
7 3
8 4
6 5
2 6
t 28
10 0
0 1
1 2
11 3
2 4
5 5
6 6
t 29
14 0
9 1
4 2
13 3
8 4
18 5
19 6
t 30
5 0
1 1
12 2
10 3
16 4
6 5
11 6
t 31
16 0
5 1
0 2
12 3
6 4
11 5
17 6
t 32
13 0
9 1
4 2
14 3
8 4
18 5
19 6
t 33
13 0
3 1
1 2
12 3
2 4
8 5
7 6
t 34
14 0
9 1
7 2
19 3
8 4
18 5
13 6
t 35
13 0
1 1
3 2
12 3
4 4
7 5
8 6
t 36
2 0
8 1
0 2
6 3
3 4
7 5
1 6
t 37
10 0
1 1
0 2
11 3
2 4
6 5
5 6
t 38
7 0
0 1
5 2
2 3
10 4
1 5
6 6
t 39
17 0
7 1
5 2
16 3
6 4
12 5
11 6
t 40
12 0
15 1
10 2
11 3
7 4
16 5
17 6
t 41
17 0
5 1
7 2
16 3
8 4
11 5
12 6
t 42
12 0
15 1
10 2
11 3
7 4
17 5
16 6
t 43
12 0
14 1
3 2
7 3
4 4
13 5
8 6
t 44
19 0
9 1
4 2
13 3
8 4
14 5
18 6
t 45
11 0
15 1
10 2
12 3
7 4
17 5
16 6
t 46
16 0
7 1
5 2
17 3
6 4
12 5
11 6
t 47
6 0
3 1
0 2
11 3
1 4
10 5
5 6
t 48
16 0
7 1
1 2
11 3
2 4
12 5
17 6
t 49
12 0
15 1
5 2
17 3
6 4
16 5
11 6
t 50
6 0
3 1
12 2
5 3
16 4
10 5
11 6
t 51
11 0
0 1
1 2
10 3
2 4
5 5
6 6
t 52
16 0
5 1
7 2
17 3
8 4
11 5
12 6
t 53
11 0
1 1
0 2
10 3
2 4
6 5
5 6
t 54
11 0
15 1
10 2
12 3
7 4
16 5
17 6
t 55
6 0
12 1
3 2
5 3
15 4
11 5
10 6
t 56
6 0
8 1
3 2
1 3
4 4
7 5
2 6
t 57
13 0
3 1
11 2
7 3
16 4
8 5
12 6
t 58
18 0
7 1
1 2
14 3
2 4
13 5
19 6
t 59
5 0
1 1
3 2
11 3
15 4
6 5
10 6
t 60
7 0
3 1
5 2
1 3
10 4
2 5
6 6
t 61
12 0
1 1
14 2
8 3
18 4
7 5
13 6
t 62
19 0
7 1
1 2
14 3
2 4
13 5
18 6
t 63
6 0
12 1
0 2
10 3
1 4
11 5
5 6
t 64
11 0
15 1
7 2
17 3
8 4
16 5
12 6
t 65
12 0
15 1
5 2
16 3
6 4
17 5
11 6
t 66
18 0
9 1
4 2
13 3
8 4
19 5
14 6
t 67
6 0
0 1
8 2
2 3
12 4
1 5
7 6
t 68
5 0
12 1
1 2
10 3
2 4
11 5
6 6
t 69
13 0
1 1
11 2
8 3
16 4
7 5
12 6
t 70
8 0
14 1
1 2
12 3
2 4
13 5
7 6
t 71
7 0
0 1
3 2
6 3
8 4
1 5
2 6
t 72
7 0
11 1
14 2
8 3
18 4
12 5
13 6
t 73
7 0
3 1
0 2
6 3
8 4
2 5
1 6
t 74
6 0
3 1
0 2
7 3
8 4
2 5
1 6
t 75
6 0
3 1
8 2
1 3
12 4
2 5
7 6
t 76
11 0
0 1
3 2
6 3
15 4
5 5
10 6
t 77
7 0
14 1
11 2
8 3
16 4
13 5
12 6
t 78
13 0
11 1
3 2
7 3
4 4
12 5
8 6
t 79
1 0
3 1
8 2
6 3
12 4
2 5
7 6
t 80
6 0
0 1
3 2
11 3
15 4
5 5
10 6
t 81
5 0
3 1
1 2
11 3
2 4
10 5
6 6
t 82
6 0
0 1
3 2
7 3
8 4
1 5
2 6
t 83
10 0
12 1
0 2
6 3
1 4
11 5
5 6
t 84
19 0
9 1
7 2
18 3
8 4
14 5
13 6
t 85
8 0
11 1
1 2
13 3
2 4
12 5
7 6
t 86
18 0
9 1
7 2
19 3
8 4
14 5
13 6
t 87
19 0
7 1
9 2
18 3
4 4
13 5
14 6
t 88
5 0
3 1
12 2
6 3
16 4
10 5
11 6
t 89
7 0
11 1
3 2
13 3
4 4
12 5
8 6
t 90
13 0
9 1
4 2
18 3
8 4
14 5
19 6
t 91
18 0
7 1
9 2
19 3
4 4
13 5
14 6
t 92
6 0
0 1
12 2
10 3
16 4
5 5
11 6
t 93
8 0
14 1
11 2
7 3
16 4
13 5
12 6
t 94
13 0
11 1
1 2
8 3
2 4
12 5
7 6
t 95
11 0
1 1
3 2
5 3
15 4
6 5
10 6
t 96
12 0
14 1
1 2
8 3
2 4
13 5
7 6
t 97
8 0
11 1
14 2
7 3
18 4
12 5
13 6
t 98
5 0
12 1
3 2
6 3
15 4
11 5
10 6
t 99
18 0
9 1
4 2
13 3
8 4
14 5
19 6
t 100
13 0
9 1
4 2
19 3
8 4
14 5
18 6
t 101
10 0
0 1
12 2
6 3
16 4
5 5
11 6
t 102
17 0
15 1
5 2
12 3
6 4
16 5
11 6
t 103
2 0
0 1
5 2
7 3
10 4
1 5
6 6
t 104
1 0
8 1
3 2
6 3
4 4
7 5
2 6
t 105
14 0
7 1
1 2
18 3
2 4
13 5
19 6
t 106
7 0
14 1
3 2
12 3
4 4
13 5
8 6
t 107
11 0
7 1
1 2
16 3
2 4
12 5
17 6
t 108
8 0
1 1
14 2
12 3
18 4
7 5
13 6
t 109
11 0
3 1
0 2
6 3
1 4
10 5
5 6
t 110
14 0
7 1
1 2
19 3
2 4
13 5
18 6
t 111
13 0
9 1
4 2
18 3
8 4
19 5
14 6
t 112
2 0
0 1
8 2
6 3
12 4
1 5
7 6
t 113
17 0
15 1
7 2
11 3
8 4
16 5
12 6
t 114
1 0
3 1
5 2
7 3
10 4
2 5
6 6
t 115
16 0
15 1
5 2
12 3
6 4
17 5
11 6
t 116
10 0
12 1
1 2
5 3
2 4
11 5
6 6
t 117
11 0
3 1
1 2
5 3
2 4
10 5
6 6
t 118
8 0
1 1
11 2
13 3
16 4
7 5
12 6
t 119
7 0
3 1
11 2
13 3
16 4
8 5
12 6
t # -1