t 0
17 0
12 1
16 2
11 3
15 4
t 1
12 0
16 1
17 2
11 3
7 4
t 2
13 0
18 1
19 2
14 3
7 4
t 3
8 0
7 1
13 2
12 3
3 4
t 4
7 0
13 1
8 2
12 3
3 4
t 5
11 0
12 1
16 2
17 3
15 4
t 6
13 0
12 1
7 2
8 3
1 4
t 7
6 0
10 1
5 2
11 3
1 4
t 8
13 0
18 1
14 2
19 3
9 4
t 9
14 0
13 1
19 2
18 3
9 4
t 10
5 0
6 1
10 2
11 3
0 4
t 11
18 0
14 1
13 2
19 3
7 4
t 12
2 0
1 1
6 2
7 3
5 4
t 13
10 0
6 1
11 2
5 3
12 4
t 14
19 0
18 1
13 2
14 3
7 4
t 15
16 0
11 1
17 2
12 3
15 4
t 16
6 0
11 1
5 2
10 3
1 4
t 17
1 0
7 1
2 2
6 3
3 4
t 18
13 0
12 1
8 2
7 3
3 4
t 19
8 0
7 1
12 2
13 3
3 4
t 20
5 0
10 1
6 2
11 3
1 4
t 21
19 0
18 1
14 2
13 3
9 4
t 22
10 0
5 1
11 2
6 3
12 4
t 23
6 0
11 1
10 2
5 3
1 4
t 24
6 0
7 1
2 2
1 3
5 4
t 25
2 0
1 1
7 2
6 3
8 4
t 26
16 0
12 1
17 2
11 3
15 4
t 27
7 0
1 1
2 2
6 3
8 4
t 28
11 0
6 1
10 2
5 3
12 4
t 29
5 0
10 1
11 2
6 3
0 4
t 30
12 0
8 1
7 2
13 3
1 4
t 31
14 0
13 1
18 2
19 3
9 4
t 32
2 0
7 1
1 2
6 3
3 4
t 33
5 0
6 1
11 2
10 3
0 4
t 34
7 0
13 1
12 2
8 3
1 4
t 35
11 0
16 1
12 2
17 3
7 4
t 36
13 0
7 1
8 2
12 3
3 4
t 37
14 0
18 1
13 2
19 3
9 4
t 38
18 0
13 1
19 2
14 3
9 4
t 39
1 0
6 1
2 2
7 3
3 4
t 40
5 0
11 1
6 2
10 3
1 4
t 41
12 0
17 1
16 2
11 3
15 4
t 42
12 0
13 1
8 2
7 3
3 4
t 43
11 0
16 1
17 2
12 3
5 4
t 44
11 0
10 1
5 2
6 3
0 4
t 45
2 0
7 1
6 2
1 3
5 4
t 46
6 0
5 1
11 2
10 3
1 4
t 47
12 0
17 1
11 2
16 3
7 4
t 48
1 0
6 1
7 2
2 3
8 4
t 49
2 0
6 1
1 2
7 3
3 4
t 50
16 0
17 1
11 2
12 3
15 4
t 51
17 0
11 1
16 2
12 3
15 4
t 52
14 0
19 1
13 2
18 3
9 4
t 53
6 0
7 1
1 2
2 3
5 4
t 54
18 0
14 1
19 2
13 3
9 4
t 55
17 0
12 1
11 2
16 3
5 4
t 56
10 0
6 1
5 2
11 3
0 4
t 57
19 0
14 1
18 2
13 3
9 4
t 58
7 0
8 1
13 2
12 3
1 4
t 59
13 0
19 1
14 2
18 3
9 4
t 60
16 0
11 1
12 2
17 3
15 4
t 61
7 0
2 1
1 2
6 3
8 4
t 62
7 0
1 1
6 2
2 3
8 4
t 63
12 0
16 1
11 2
17 3
7 4
t 64
6 0
5 1
10 2
11 3
1 4
t 65
6 0
1 1
2 2
7 3
5 4
t 66
11 0
10 1
6 2
5 3
1 4
t 67
14 0
19 1
18 2
13 3
9 4
t 68
13 0
14 1
19 2
18 3
7 4
t 69
13 0
8 1
7 2
12 3
1 4
t 70
13 0
7 1
12 2
8 3
14 4
t 71
1 0
2 1
6 2
7 3
5 4
t 72
12 0
11 1
16 2
17 3
15 4
t 73
12 0
7 1
8 2
13 3
3 4
t 74
5 0
11 1
10 2
6 3
0 4
t 75
19 0
13 1
18 2
14 3
9 4
t 76
6 0
1 1
7 2
2 3
8 4
t 77
7 0
2 1
6 2
1 3
8 4
t 78
11 0
5 1
6 2
10 3
1 4
t 79
2 0
6 1
7 2
1 3
8 4
t 80
10 0
11 1
6 2
5 3
1 4
t 81
19 0
14 1
13 2
18 3
7 4
t 82
12 0
13 1
7 2
8 3
1 4
t 83
7 0
8 1
12 2
13 3
1 4
t 84
12 0
11 1
17 2
16 3
7 4
t 85
18 0
13 1
14 2
19 3
9 4
t 86
17 0
11 1
12 2
16 3
7 4
t 87
8 0
12 1
13 2
7 3
3 4
t 88
11 0
17 1
12 2
16 3
7 4
t 89
18 0
19 1
13 2
14 3
7 4
t 90
16 0
17 1
12 2
11 3
15 4
t 91
6 0
2 1
7 2
1 3
8 4
t 92
14 0
18 1
19 2
13 3
9 4
t 93
13 0
19 1
18 2
14 3
7 4
t 94
16 0
12 1
11 2
17 3
15 4
t 95
12 0
8 1
13 2
7 3
14 4
t 96
17 0
16 1
12 2
11 3
7 4
t 97
10 0
11 1
5 2
6 3
0 4
t 98
6 0
2 1
1 2
7 3
5 4
t 99
13 0
14 1
18 2
19 3
7 4
t 100
19 0
13 1
14 2
18 3
9 4
t 101
11 0
12 1
17 2
16 3
5 4
t 102
11 0
6 1
5 2
10 3
0 4
t 103
8 0
12 1
7 2
13 3
3 4
t 104
1 0
2 1
7 2
6 3
8 4
t 105
7 0
6 1
2 2
1 3
8 4
t 106
10 0
5 1
6 2
11 3
1 4
t 107
11 0
5 1
10 2
6 3
12 4
t 108
18 0
19 1
14 2
13 3
9 4
t 109
11 0
17 1
16 2
12 3
15 4
t 110
7 0
12 1
8 2
13 3
3 4
t 111
12 0
7 1
13 2
8 3
14 4
t 112
8 0
13 1
12 2
7 3
3 4
t 113
17 0
16 1
11 2
12 3
5 4
t 114
13 0
8 1
12 2
7 3
14 4
t 115
1 0
7 1
6 2
2 3
5 4
t 116
7 0
12 1
13 2
8 3
1 4
t 117
7 0
6 1
1 2
2 3
8 4
t 118
6 0
10 1
11 2
5 3
1 4
t 119
8 0
13 1
7 2
12 3
3 4
t # -1