t 0
13 0
9 1
14 2
18 3
19 4
t 1
10 0
0 1
6 2
5 3
11 4
t 2
16 0
5 1
12 2
11 3
17 4
t 3
11 0
3 1
6 2
10 3
5 4
t 4
17 0
15 1
12 2
16 3
11 4
t 5
6 0
12 1
10 2
11 3
5 4
t 6
7 0
11 1
8 2
12 3
13 4
t 7
11 0
15 1
17 2
16 3
12 4
t 8
2 0
8 1
1 2
7 3
6 4
t 9
5 0
3 1
11 2
10 3
6 4
t 10
11 0
7 1
16 2
12 3
17 4
t 11
2 0
0 1
6 2
1 3
7 4
t 12
8 0
1 1
12 2
7 3
13 4
t 13
17 0
7 1
11 2
12 3
16 4
t 14
3 0
14 1
8 2
9 3
4 4
t 15
1 0
5 1
2 2
6 3
7 4
t 16
19 0
7 1
14 2
13 3
18 4
t 17
14 0
9 1
19 2
18 3
13 4
t 18
8 0
14 1
7 2
13 3
12 4
t 19
12 0
15 1
16 2
17 3
11 4
t 20
2 0
5 1
1 2
6 3
7 4
t 21
8 0
11 1
13 2
12 3
7 4
t 22
17 0
15 1
11 2
16 3
12 4
t 23
7 0
3 1
13 2
8 3
12 4
t 24
11 0
1 1
5 2
6 3
10 4
t 25
9 0
2 1
8 2
3 3
4 4
t 26
12 0
14 1
7 2
13 3
8 4
t 27
11 0
7 1
17 2
12 3
16 4
t 28
7 0
0 1
2 2
1 3
6 4
t 29
7 0
14 1
8 2
13 3
12 4
t 30
2 0
0 1
7 2
1 3
6 4
t 31
5 0
12 1
6 2
11 3
10 4
t 32
14 0
9 1
18 2
19 3
13 4
t 33
6 0
0 1
7 2
1 3
2 4
t 34
19 0
9 1
13 2
14 3
18 4
t 35
12 0
3 1
13 2
8 3
7 4
t 36
17 0
5 1
16 2
11 3
12 4
t 37
12 0
15 1
17 2
16 3
11 4
t 38
6 0
8 1
2 2
7 3
1 4
t 39
12 0
14 1
8 2
13 3
7 4
t 40
18 0
7 1
14 2
13 3
19 4
t 41
16 0
7 1
11 2
12 3
17 4
t 42
19 0
9 1
14 2
18 3
13 4
t 43
12 0
1 1
13 2
7 3
8 4
t 44
11 0
0 1
6 2
5 3
10 4
t 45
6 0
3 1
7 2
2 3
1 4
t 46
6 0
3 1
11 2
10 3
5 4
t 47
11 0
15 1
12 2
17 3
16 4
t 48
1 0
3 1
6 2
2 3
7 4
t 49
5 0
1 1
11 2
6 3
10 4
t 50
13 0
3 1
12 2
8 3
7 4
t 51
16 0
5 1
17 2
11 3
12 4
t 52
2 0
5 1
7 2
6 3
1 4
t 53
8 0
11 1
7 2
12 3
13 4
t 54
12 0
5 1
16 2
11 3
17 4
t 55
1 0
8 1
2 2
7 3
6 4
t 56
6 0
8 1
1 2
7 3
2 4
t 57
11 0
15 1
12 2
16 3
17 4
t 58
13 0
1 1
12 2
7 3
8 4
t 59
13 0
9 1
18 2
19 3
14 4
t 60
8 0
1 1
13 2
7 3
12 4
t 61
16 0
15 1
12 2
17 3
11 4
t 62
17 0
7 1
16 2
12 3
11 4
t 63
1 0
3 1
7 2
2 3
6 4
t 64
5 0
1 1
10 2
6 3
11 4
t 65
12 0
15 1
11 2
17 3
16 4
t 66
18 0
9 1
13 2
14 3
19 4
t 67
7 0
5 1
1 2
6 3
2 4
t 68
6 0
0 1
11 2
5 3
10 4
t 69
13 0
11 1
7 2
12 3
8 4
t 70
12 0
5 1
17 2
11 3
16 4
t 71
12 0
3 1
7 2
8 3
13 4
t 72
12 0
15 1
11 2
16 3
17 4
t 73
10 0
12 1
5 2
11 3
6 4
t 74
16 0
7 1
17 2
12 3
11 4
t 75
16 0
15 1
11 2
17 3
12 4
t 76
6 0
3 1
1 2
2 3
7 4
t 77
3 0
14 1
4 2
9 3
8 4
t 78
6 0
3 1
5 2
10 3
11 4
t 79
19 0
7 1
18 2
13 3
14 4
t 80
13 0
9 1
19 2
18 3
14 4
t 81
7 0
3 1
6 2
2 3
1 4
t 82
10 0
0 1
11 2
5 3
6 4
t 83
6 0
0 1
10 2
5 3
11 4
t 84
13 0
11 1
8 2
12 3
7 4
t 85
6 0
12 1
5 2
11 3
10 4
t 86
9 0
2 1
4 2
3 3
8 4
t 87
10 0
12 1
6 2
11 3
5 4
t 88
2 0
8 1
6 2
7 3
1 4
t 89
5 0
3 1
6 2
10 3
11 4
t 90
7 0
0 1
6 2
1 3
2 4
t 91
10 0
1 1
11 2
6 3
5 4
t 92
7 0
14 1
12 2
13 3
8 4
t 93
19 0
9 1
13 2
18 3
14 4
t 94
1 0
5 1
7 2
6 3
2 4
t 95
12 0
1 1
8 2
7 3
13 4
t 96
13 0
9 1
18 2
14 3
19 4
t 97
7 0
3 1
1 2
2 3
6 4
t 98
13 0
3 1
7 2
8 3
12 4
t 99
5 0
12 1
10 2
11 3
6 4
t 100
18 0
9 1
19 2
14 3
13 4
t 101
7 0
3 1
12 2
8 3
13 4
t 102
11 0
1 1
10 2
6 3
5 4
t 103
17 0
5 1
12 2
11 3
16 4
t 104
18 0
9 1
13 2
19 3
14 4
t 105
14 0
7 1
19 2
13 3
18 4
t 106
11 0
0 1
10 2
5 3
6 4
t 107
14 0
9 1
13 2
18 3
19 4
t 108
11 0
15 1
16 2
17 3
12 4
t 109
13 0
9 1
19 2
14 3
18 4
t 110
7 0
5 1
2 2
6 3
1 4
t 111
11 0
3 1
5 2
10 3
6 4
t 112
14 0
9 1
13 2
19 3
18 4
t 113
6 0
0 1
2 2
1 3
7 4
t 114
19 0
9 1
18 2
14 3
13 4
t 115
1 0
8 1
6 2
7 3
2 4
t 116
7 0
11 1
13 2
12 3
8 4
t 117
18 0
9 1
14 2
19 3
13 4
t 118
18 0
7 1
19 2
13 3
14 4
t 119
10 0
1 1
5 2
6 3
11 4
t 120
13 0
1 1
8 2
7 3
12 4
t 121
13 0
9 1
14 2
19 3
18 4
t 122
14 0
7 1
18 2
13 3
19 4
t 123
8 0
14 1
12 2
13 3
7 4
t # -1