t 0
17 0
12 1
16 2
11 3
7 4
t 1
12 0
16 1
17 2
11 3
15 4
t 2
13 0
18 1
19 2
14 3
9 4
t 3
8 0
7 1
13 2
12 3
1 4
t 4
7 0
13 1
8 2
12 3
14 4
t 5
11 0
12 1
16 2
17 3
7 4
t 6
13 0
12 1
7 2
8 3
3 4
t 7
6 0
10 1
5 2
11 3
12 4
t 8
13 0
18 1
14 2
19 3
9 4
t 9
14 0
13 1
19 2
18 3
7 4
t 10
5 0
6 1
10 2
11 3
1 4
t 11
18 0
14 1
13 2
19 3
9 4
t 12
2 0
1 1
6 2
7 3
8 4
t 13
10 0
6 1
11 2
5 3
1 4
t 14
19 0
18 1
13 2
14 3
9 4
t 15
16 0
11 1
17 2
12 3
7 4
t 16
6 0
11 1
5 2
10 3
12 4
t 17
1 0
7 1
2 2
6 3
8 4
t 18
13 0
12 1
8 2
7 3
1 4
t 19
8 0
7 1
12 2
13 3
1 4
t 20
5 0
10 1
6 2
11 3
12 4
t 21
8 0
3 1
4 2
9 3
14 4
t 22
19 0
18 1
14 2
13 3
7 4
t 23
10 0
5 1
11 2
6 3
1 4
t 24
6 0
11 1
10 2
5 3
0 4
t 25
6 0
7 1
2 2
1 3
8 4
t 26
2 0
1 1
7 2
6 3
5 4
t 27
16 0
12 1
17 2
11 3
7 4
t 28
7 0
1 1
2 2
6 3
5 4
t 29
11 0
6 1
10 2
5 3
1 4
t 30
5 0
10 1
11 2
6 3
1 4
t 31
12 0
8 1
7 2
13 3
3 4
t 32
14 0
13 1
18 2
19 3
7 4
t 33
2 0
7 1
1 2
6 3
8 4
t 34
5 0
6 1
11 2
10 3
1 4
t 35
7 0
13 1
12 2
8 3
3 4
t 36
11 0
16 1
12 2
17 3
15 4
t 37
4 0
3 1
8 2
9 3
14 4
t 38
13 0
7 1
8 2
12 3
1 4
t 39
14 0
18 1
13 2
19 3
9 4
t 40
18 0
13 1
19 2
14 3
9 4
t 41
1 0
6 1
2 2
7 3
8 4
t 42
5 0
11 1
6 2
10 3
12 4
t 43
12 0
17 1
16 2
11 3
5 4
t 44
12 0
13 1
8 2
7 3
1 4
t 45
11 0
16 1
17 2
12 3
15 4
t 46
11 0
10 1
5 2
6 3
1 4
t 47
2 0
7 1
6 2
1 3
8 4
t 48
6 0
5 1
11 2
10 3
0 4
t 49
12 0
17 1
11 2
16 3
15 4
t 50
1 0
6 1
7 2
2 3
5 4
t 51
2 0
6 1
1 2
7 3
8 4
t 52
16 0
17 1
11 2
12 3
7 4
t 53
17 0
11 1
16 2
12 3
7 4
t 54
14 0
19 1
13 2
18 3
9 4
t 55
6 0
7 1
1 2
2 3
8 4
t 56
18 0
14 1
19 2
13 3
9 4
t 57
17 0
12 1
11 2
16 3
15 4
t 58
10 0
6 1
5 2
11 3
1 4
t 59
19 0
14 1
18 2
13 3
9 4
t 60
7 0
8 1
13 2
12 3
3 4
t 61
13 0
19 1
14 2
18 3
9 4
t 62
16 0
11 1
12 2
17 3
5 4
t 63
7 0
2 1
1 2
6 3
5 4
t 64
7 0
1 1
6 2
2 3
3 4
t 65
12 0
16 1
11 2
17 3
15 4
t 66
6 0
5 1
10 2
11 3
0 4
t 67
6 0
1 1
2 2
7 3
8 4
t 68
11 0
10 1
6 2
5 3
0 4
t 69
14 0
19 1
18 2
13 3
7 4
t 70
13 0
14 1
19 2
18 3
9 4
t 71
4 0
9 1
8 2
3 3
14 4
t 72
13 0
8 1
7 2
12 3
3 4
t 73
13 0
7 1
12 2
8 3
3 4
t 74
1 0
2 1
6 2
7 3
8 4
t 75
12 0
11 1
16 2
17 3
5 4
t 76
12 0
7 1
8 2
13 3
1 4
t 77
5 0
11 1
10 2
6 3
1 4
t 78
19 0
13 1
18 2
14 3
9 4
t 79
6 0
1 1
7 2
2 3
3 4
t 80
7 0
2 1
6 2
1 3
3 4
t 81
11 0
5 1
6 2
10 3
0 4
t 82
2 0
6 1
7 2
1 3
5 4
t 83
10 0
11 1
6 2
5 3
0 4
t 84
19 0
14 1
13 2
18 3
9 4
t 85
12 0
13 1
7 2
8 3
3 4
t 86
7 0
8 1
12 2
13 3
3 4
t 87
12 0
11 1
17 2
16 3
15 4
t 88
18 0
13 1
14 2
19 3
7 4
t 89
17 0
11 1
12 2
16 3
15 4
t 90
8 0
12 1
13 2
7 3
1 4
t 91
11 0
17 1
12 2
16 3
15 4
t 92
18 0
19 1
13 2
14 3
9 4
t 93
16 0
17 1
12 2
11 3
5 4
t 94
6 0
2 1
7 2
1 3
3 4
t 95
14 0
18 1
19 2
13 3
7 4
t 96
13 0
19 1
18 2
14 3
9 4
t 97
16 0
12 1
11 2
17 3
7 4
t 98
12 0
8 1
13 2
7 3
3 4
t 99
17 0
16 1
12 2
11 3
15 4
t 100
10 0
11 1
5 2
6 3
1 4
t 101
6 0
2 1
1 2
7 3
8 4
t 102
13 0
14 1
18 2
19 3
9 4
t 103
19 0
13 1
14 2
18 3
7 4
t 104
11 0
12 1
17 2
16 3
15 4
t 105
11 0
6 1
5 2
10 3
1 4
t 106
8 0
12 1
7 2
13 3
14 4
t 107
1 0
2 1
7 2
6 3
5 4
t 108
7 0
6 1
2 2
1 3
5 4
t 109
10 0
5 1
6 2
11 3
0 4
t 110
11 0
5 1
10 2
6 3
1 4
t 111
18 0
19 1
14 2
13 3
7 4
t 112
11 0
17 1
16 2
12 3
7 4
t 113
7 0
12 1
8 2
13 3
14 4
t 114
12 0
7 1
13 2
8 3
3 4
t 115
8 0
13 1
12 2
7 3
1 4
t 116
17 0
16 1
11 2
12 3
15 4
t 117
8 0
9 1
4 2
3 3
14 4
t 118
13 0
8 1
12 2
7 3
3 4
t 119
1 0
7 1
6 2
2 3
8 4
t 120
7 0
12 1
13 2
8 3
3 4
t 121
7 0
6 1
1 2
2 3
5 4
t 122
6 0
10 1
11 2
5 3
0 4
t 123
8 0
13 1
7 2
12 3
14 4
t # -1