t 0
3 0
1 1
6 2
11 3
10 4
5 5
2 6
t 1
3 0
5 1
6 2
7 3
2 4
1 5
8 6
t 2
12 0
0 1
5 2
10 3
11 4
6 5
16 6
t 3
11 0
1 1
7 2
13 3
12 4
8 5
2 6
t 4
5 0
7 1
12 2
17 3
11 4
16 5
8 6
t 5
9 0
4 1
14 2
13 3
18 4
19 5
7 6
t 6
1 0
12 1
11 2
10 3
6 4
5 5
2 6
t 7
3 0
8 1
7 2
1 3
2 4
6 5
12 6
t 8
5 0
15 1
16 2
12 3
11 4
17 5
7 6
t 9
7 0
5 1
11 2
16 3
12 4
17 5
15 6
t 10
15 0
10 1
16 2
12 3
17 4
11 5
7 6
t 11
11 0
3 1
8 2
7 3
12 4
13 5
4 6
t 12
1 0
0 1
5 2
11 3
6 4
10 5
2 6
t 13
15 0
5 1
11 2
16 3
17 4
12 5
6 6
t 14
0 0
12 1
11 2
10 3
5 4
6 5
16 6
t 15
9 0
4 1
14 2
13 3
19 4
18 5
7 6
t 16
9 0
7 1
13 2
19 3
18 4
14 5
8 6
t 17
9 0
4 1
19 2
13 3
14 4
18 5
7 6
t 18
8 0
0 1
1 2
2 3
7 4
6 5
12 6
t 19
9 0
4 1
18 2
19 3
14 4
13 5
8 6
t 20
0 0
1 1
6 2
11 3
5 4
10 5
2 6
t 21
7 0
5 1
11 2
17 3
12 4
16 5
8 6
t 22
15 0
10 1
16 2
11 3
17 4
12 5
5 6
t 23
14 0
3 1
8 2
7 3
13 4
12 5
4 6
t 24
1 0
0 1
5 2
10 3
6 4
11 5
2 6
t 25
15 0
7 1
12 2
17 3
16 4
11 5
8 6
t 26
3 0
11 1
12 2
13 3
8 4
7 5
4 6
t 27
3 0
14 1
13 2
7 3
8 4
12 5
4 6
t 28
15 0
10 1
17 2
12 3
16 4
11 5
7 6
t 29
9 0
4 1
19 2
18 3
14 4
13 5
8 6
t 30
12 0
1 1
6 2
10 3
11 4
5 5
2 6
t 31
1 0
11 1
12 2
13 3
7 4
8 5
2 6
t 32
3 0
1 1
7 2
13 3
8 4
12 5
4 6
t 33
8 0
3 1
2 2
1 3
7 4
6 5
12 6
t 34
0 0
1 1
6 2
10 3
5 4
11 5
2 6
t 35
15 0
7 1
12 2
11 3
17 4
16 5
8 6
t 36
11 0
3 1
8 2
13 3
12 4
7 5
4 6
t 37
5 0
0 1
17 2
16 3
11 4
12 5
15 6
t 38
14 0
1 1
7 2
12 3
13 4
8 5
2 6
t 39
0 0
8 1
7 2
6 3
1 4
2 5
12 6
t 40
5 0
3 1
2 2
1 3
6 4
7 5
10 6
t 41
1 0
3 1
8 2
13 3
7 4
12 5
4 6
t 42
7 0
1 1
19 2
18 3
13 4
14 5
8 6
t 43
1 0
3 1
10 2
11 3
6 4
5 5
2 6
t 44
3 0
1 1
7 2
12 3
8 4
13 5
4 6
t 45
1 0
12 1
11 2
5 3
6 4
10 5
2 6
t 46
3 0
8 1
7 2
6 3
2 4
1 5
12 6
t 47
15 0
5 1
11 2
17 3
16 4
12 5
6 6
t 48
9 0
7 1
13 2
14 3
19 4
18 5
8 6
t 49
1 0
14 1
13 2
8 3
7 4
12 5
3 6
t 50
5 0
0 1
1 2
7 3
6 4
2 5
8 6
t 51
7 0
1 1
17 2
16 3
12 4
11 5
15 6
t 52
15 0
7 1
12 2
11 3
16 4
17 5
8 6
t 53
3 0
0 1
5 2
6 3
10 4
11 5
1 6
t 54
3 0
11 1
12 2
7 3
8 4
13 5
4 6
t 55
11 0
14 1
13 2
7 3
12 4
8 5
1 6
t 56
1 0
3 1
8 2
12 3
7 4
13 5
4 6
t 57
9 0
7 1
13 2
14 3
18 4
19 5
8 6
t 58
9 0
4 1
19 2
14 3
18 4
13 5
8 6
t 59
9 0
4 1
14 2
18 3
19 4
13 5
8 6
t 60
8 0
5 1
6 2
2 3
7 4
1 5
12 6
t 61
12 0
0 1
5 2
6 3
11 4
10 5
1 6
t 62
9 0
4 1
18 2
13 3
14 4
19 5
7 6
t 63
0 0
5 1
6 2
2 3
1 4
7 5
10 6
t 64
0 0
3 1
2 2
7 3
1 4
6 5
8 6
t 65
14 0
11 1
12 2
7 3
13 4
8 5
1 6
t 66
7 0
1 1
17 2
11 3
12 4
16 5
8 6
t 67
14 0
3 1
8 2
12 3
13 4
7 5
4 6
t 68
0 0
3 1
10 2
11 3
5 4
6 5
12 6
t 69
3 0
0 1
1 2
6 3
2 4
7 5
5 6
t 70
7 0
15 1
16 2
17 3
12 4
11 5
8 6
t 71
7 0
9 1
14 2
18 3
13 4
19 5
8 6
t 72
11 0
14 1
13 2
8 3
12 4
7 5
3 6
t 73
15 0
5 1
11 2
12 3
17 4
16 5
7 6
t 74
5 0
3 1
2 2
7 3
6 4
1 5
8 6
t 75
0 0
12 1
11 2
6 3
5 4
10 5
1 6
t 76
3 0
12 1
11 2
5 3
10 4
6 5
0 6
t 77
8 0
0 1
1 2
6 3
7 4
2 5
12 6
t 78
1 0
3 1
10 2
5 3
6 4
11 5
2 6
t 79
1 0
11 1
12 2
8 3
7 4
13 5
3 6
t 80
5 0
8 1
7 2
2 3
6 4
1 5
12 6
t 81
8 0
5 1
6 2
1 3
7 4
2 5
12 6
t 82
11 0
1 1
7 2
8 3
12 4
13 5
3 6
t 83
14 0
11 1
12 2
8 3
13 4
7 5
3 6
t 84
3 0
0 1
1 2
7 3
2 4
6 5
8 6
t 85
0 0
8 1
7 2
2 3
1 4
6 5
12 6
t 86
12 0
3 1
10 2
5 3
11 4
6 5
0 6
t 87
7 0
1 1
18 2
14 3
13 4
19 5
9 6
t 88
3 0
1 1
6 2
5 3
10 4
11 5
2 6
t 89
3 0
5 1
6 2
1 3
2 4
7 5
10 6
t 90
9 0
7 1
13 2
18 3
14 4
19 5
8 6
t 91
3 0
12 1
11 2
6 3
10 4
5 5
1 6
t 92
5 0
8 1
7 2
1 3
6 4
2 5
12 6
t 93
9 0
4 1
14 2
19 3
18 4
13 5
8 6
t 94
15 0
5 1
11 2
12 3
16 4
17 5
7 6
t 95
5 0
0 1
17 2
12 3
11 4
16 5
7 6
t 96
5 0
0 1
1 2
2 3
6 4
7 5
10 6
t 97
9 0
4 1
18 2
14 3
19 4
13 5
8 6
t 98
3 0
14 1
13 2
12 3
8 4
7 5
4 6
t 99
15 0
10 1
17 2
11 3
16 4
12 5
5 6
t 100
3 0
0 1
5 2
11 3
10 4
6 5
12 6
t 101
7 0
1 1
18 2
19 3
13 4
14 5
8 6
t 102
14 0
1 1
7 2
8 3
13 4
12 5
3 6
t 103
7 0
15 1
16 2
11 3
12 4
17 5
8 6
t 104
12 0
3 1
10 2
6 3
11 4
5 5
1 6
t 105
9 0
4 1
19 2
13 3
18 4
14 5
7 6
t 106
9 0
7 1
13 2
19 3
14 4
18 5
8 6
t 107
12 0
1 1
6 2
5 3
11 4
10 5
2 6
t 108
7 0
1 1
19 2
14 3
13 4
18 5
9 6
t 109
5 0
15 1
16 2
17 3
11 4
12 5
6 6
t 110
8 0
3 1
2 2
6 3
7 4
1 5
12 6
t 111
5 0
7 1
12 2
16 3
11 4
17 5
15 6
t 112
9 0
7 1
13 2
18 3
19 4
14 5
8 6
t 113
1 0
14 1
13 2
12 3
7 4
8 5
2 6
t 114
15 0
7 1
12 2
16 3
17 4
11 5
8 6
t 115
0 0
3 1
2 2
6 3
1 4
7 5
5 6
t 116
0 0
5 1
6 2
7 3
1 4
2 5
8 6
t 117
0 0
3 1
10 2
6 3
5 4
11 5
1 6
t 118
9 0
4 1
18 2
13 3
19 4
14 5
7 6
t 119
7 0
9 1
14 2
19 3
13 4
18 5
8 6
t # -1