t 0
5 0
8 1
12 2
2 3
6 4
7 5
3 6
1 7
t 1
8 0
5 1
10 2
7 3
2 4
6 5
0 6
1 7
t 2
5 0
8 1
12 2
6 3
1 4
7 5
3 6
2 7
t 3
14 0
3 1
4 2
13 3
12 4
8 5
1 6
7 7
t 4
7 0
1 1
2 2
12 3
11 4
17 5
3 6
16 7
t 5
1 0
14 1
18 2
7 3
12 4
13 5
3 6
8 7
t 6
12 0
0 1
1 2
10 3
11 4
5 5
2 6
6 7
t 7
7 0
1 1
2 2
13 3
19 4
18 5
3 6
14 7
t 8
0 0
1 1
2 2
5 3
10 4
6 5
3 6
11 7
t 9
1 0
0 1
2 2
10 3
6 4
5 5
3 6
11 7
t 10
8 0
0 1
3 2
2 3
7 4
1 5
5 6
6 7
t 11
3 0
11 1
16 2
8 3
7 4
12 5
15 6
13 7
t 12
7 0
9 1
4 2
18 3
13 4
14 5
8 6
19 7
t 13
0 0
3 1
15 2
11 3
5 4
10 5
1 6
6 7
t 14
7 0
15 1
1 2
17 3
12 4
16 5
10 6
11 7
t 15
5 0
7 1
8 2
11 3
17 4
12 5
3 6
16 7
t 16
15 0
7 1
8 2
17 3
16 4
12 5
3 6
11 7
t 17
9 0
4 1
8 2
13 3
14 4
18 5
3 6
19 7
t 18
15 0
10 1
7 2
12 3
16 4
17 5
1 6
11 7
t 19
1 0
0 1
2 2
6 3
11 4
5 5
3 6
10 7
t 20
3 0
14 1
18 2
12 3
8 4
13 5
1 6
7 7
t 21
12 0
1 1
2 2
10 3
11 4
6 5
0 6
5 7
t 22
3 0
11 1
16 2
8 3
13 4
12 5
1 6
7 7
t 23
15 0
10 1
7 2
16 3
12 4
17 5
1 6
11 7
t 24
7 0
5 1
6 2
12 3
17 4
11 5
1 6
16 7
t 25
9 0
7 1
8 2
14 3
18 4
13 5
3 6
19 7
t 26
1 0
12 1
16 2
6 3
10 4
11 5
0 6
5 7
t 27
5 0
3 1
8 2
1 3
6 4
2 5
4 6
7 7
t 28
5 0
8 1
12 2
6 3
2 4
7 5
3 6
1 7
t 29
15 0
5 1
6 2
17 3
16 4
11 5
1 6
12 7
t 30
0 0
3 1
15 2
5 3
11 4
10 5
1 6
6 7
t 31
3 0
11 1
16 2
13 3
8 4
12 5
1 6
7 7
t 32
3 0
14 1
18 2
8 3
12 4
13 5
1 6
7 7
t 33
0 0
1 1
2 2
10 3
5 4
6 5
3 6
11 7
t 34
3 0
5 1
10 2
2 3
1 4
6 5
8 6
7 7
t 35
5 0
7 1
8 2
17 3
11 4
12 5
3 6
16 7
t 36
9 0
7 1
8 2
18 3
19 4
13 5
3 6
14 7
t 37
1 0
0 1
2 2
11 3
6 4
5 5
3 6
10 7
t 38
8 0
3 1
4 2
6 3
7 4
2 5
9 6
1 7
t 39
3 0
1 1
2 2
8 3
13 4
7 5
6 6
12 7
t 40
1 0
14 1
18 2
12 3
7 4
13 5
3 6
8 7
t 41
5 0
8 1
12 2
1 3
6 4
7 5
3 6
2 7
t 42
1 0
3 1
15 2
5 3
6 4
10 5
2 6
11 7
t 43
7 0
1 1
2 2
19 3
13 4
18 5
3 6
14 7
t 44
7 0
9 1
4 2
13 3
18 4
14 5
8 6
19 7
t 45
3 0
8 1
12 2
2 3
1 4
7 5
4 6
6 7
t 46
8 0
3 1
4 2
1 3
7 4
2 5
5 6
6 7
t 47
3 0
1 1
2 2
12 3
8 4
7 5
6 6
13 7
t 48
9 0
4 1
8 2
18 3
19 4
14 5
3 6
13 7
t 49
8 0
0 1
3 2
6 3
7 4
1 5
4 6
2 7
t 50
1 0
11 1
16 2
13 3
7 4
12 5
3 6
8 7
t 51
14 0
1 1
2 2
12 3
13 4
7 5
3 6
8 7
t 52
3 0
14 1
18 2
8 3
7 4
13 5
19 6
12 7
t 53
9 0
4 1
8 2
14 3
18 4
19 5
3 6
13 7
t 54
1 0
0 1
2 2
6 3
10 4
5 5
3 6
11 7
t 55
8 0
5 1
10 2
7 3
1 4
6 5
0 6
2 7
t 56
5 0
0 1
8 2
6 3
2 4
1 5
3 6
7 7
t 57
1 0
3 1
4 2
7 3
13 4
8 5
9 6
12 7
t 58
3 0
1 1
2 2
8 3
12 4
7 5
6 6
13 7
t 59
12 0
0 1
1 2
11 3
10 4
5 5
2 6
6 7
t 60
1 0
3 1
15 2
6 3
11 4
10 5
0 6
5 7
t 61
9 0
4 1
8 2
19 3
14 4
18 5
3 6
13 7
t 62
7 0
1 1
2 2
11 3
12 4
17 5
3 6
16 7
t 63
14 0
3 1
4 2
12 3
13 4
8 5
1 6
7 7
t 64
0 0
1 1
2 2
11 3
5 4
6 5
3 6
10 7
t 65
5 0
15 1
0 2
11 3
17 4
16 5
10 6
12 7
t 66
3 0
8 1
12 2
1 3
2 4
7 5
4 6
6 7
t 67
9 0
7 1
8 2
18 3
14 4
13 5
3 6
19 7
t 68
5 0
3 1
8 2
6 3
1 4
2 5
4 6
7 7
t 69
3 0
1 1
2 2
13 3
8 4
7 5
6 6
12 7
t 70
8 0
0 1
3 2
7 3
2 4
1 5
5 6
6 7
t 71
12 0
1 1
2 2
11 3
10 4
6 5
0 6
5 7
t 72
1 0
3 1
4 2
7 3
12 4
8 5
9 6
13 7
t 73
8 0
5 1
10 2
2 3
7 4
6 5
0 6
1 7
t 74
9 0
4 1
8 2
14 3
13 4
18 5
3 6
19 7
t 75
7 0
1 1
2 2
18 3
13 4
19 5
3 6
14 7
t 76
1 0
3 1
4 2
12 3
7 4
8 5
9 6
13 7
t 77
15 0
7 1
8 2
16 3
17 4
12 5
3 6
11 7
t 78
1 0
12 1
16 2
5 3
6 4
11 5
15 6
10 7
t 79
7 0
5 1
6 2
17 3
12 4
11 5
1 6
16 7
t 80
7 0
1 1
2 2
13 3
18 4
19 5
3 6
14 7
t 81
1 0
12 1
16 2
6 3
5 4
11 5
15 6
10 7
t 82
0 0
1 1
2 2
5 3
11 4
6 5
3 6
10 7
t 83
5 0
0 1
8 2
2 3
6 4
1 5
3 6
7 7
t 84
9 0
4 1
8 2
14 3
19 4
18 5
3 6
13 7
t 85
8 0
3 1
4 2
7 3
6 4
2 5
9 6
1 7
t 86
3 0
14 1
18 2
7 3
8 4
13 5
19 6
12 7
t 87
5 0
15 1
0 2
17 3
11 4
16 5
10 6
12 7
t 88
1 0
12 1
16 2
10 3
6 4
11 5
0 6
5 7
t 89
9 0
7 1
8 2
19 3
18 4
13 5
3 6
14 7
t 90
7 0
15 1
1 2
12 3
17 4
16 5
10 6
11 7
t 91
15 0
5 1
6 2
16 3
17 4
11 5
1 6
12 7
t 92
1 0
3 1
15 2
6 3
5 4
10 5
2 6
11 7
t 93
9 0
4 1
8 2
18 3
14 4
19 5
3 6
13 7
t 94
0 0
12 1
16 2
10 3
5 4
11 5
1 6
6 7
t 95
14 0
1 1
2 2
13 3
12 4
7 5
3 6
8 7
t 96
15 0
10 1
7 2
16 3
11 4
17 5
1 6
12 7
t 97
8 0
0 1
3 2
7 3
6 4
1 5
4 6
2 7
t 98
8 0
5 1
10 2
1 3
7 4
6 5
0 6
2 7
t 99
3 0
11 1
16 2
7 3
8 4
12 5
15 6
13 7
t 100
1 0
3 1
15 2
11 3
6 4
10 5
0 6
5 7
t 101
15 0
10 1
7 2
11 3
16 4
17 5
1 6
12 7
t 102
1 0
3 1
4 2
13 3
7 4
8 5
9 6
12 7
t 103
0 0
12 1
16 2
5 3
10 4
11 5
1 6
6 7
t 104
9 0
4 1
8 2
19 3
18 4
14 5
3 6
13 7
t 105
8 0
3 1
4 2
7 3
1 4
2 5
5 6
6 7
t 106
1 0
11 1
16 2
7 3
13 4
12 5
3 6
8 7
t 107
3 0
5 1
10 2
1 3
2 4
6 5
8 6
7 7
t # -1