t 0
14 0
18 1
19 2
13 3
8 4
7 5
12 6
16 7
17 8
11 9
5 10
10 11
6 12
2 13
1 14
0 15
t 1
14 0
18 1
19 2
13 3
7 4
8 5
12 6
16 7
17 8
11 9
10 10
5 11
6 12
2 13
1 14
0 15
t 2
14 0
18 1
19 2
13 3
12 4
8 5
7 6
1 7
2 8
6 9
10 10
5 11
11 12
16 13
17 14
3 15
t 3
14 0
18 1
19 2
13 3
7 4
8 5
12 6
16 7
17 8
11 9
5 10
10 11
6 12
2 13
1 14
0 15
t 4
14 0
18 1
19 2
13 3
8 4
12 5
7 6
1 7
2 8
6 9
10 10
5 11
11 12
16 13
17 14
3 15
t 5
14 0
18 1
19 2
13 3
8 4
7 5
12 6
16 7
17 8
11 9
5 10
10 11
6 12
1 13
2 14
3 15
t 6
14 0
18 1
19 2
13 3
8 4
7 5
12 6
16 7
17 8
11 9
10 10
5 11
6 12
2 13
1 14
0 15
t 7
14 0
18 1
19 2
13 3
8 4
12 5
7 6
1 7
2 8
6 9
5 10
10 11
11 12
16 13
17 14
3 15
t 8
14 0
18 1
19 2
13 3
8 4
12 5
7 6
1 7
2 8
6 9
10 10
5 11
11 12
17 13
16 14
15 15
t 9
14 0
18 1
19 2
13 3
12 4
8 5
7 6
1 7
2 8
6 9
5 10
10 11
11 12
17 13
16 14
15 15
t 10
14 0
18 1
19 2
13 3
8 4
12 5
7 6
1 7
2 8
6 9
5 10
10 11
11 12
17 13
16 14
15 15
t 11
14 0
18 1
19 2
13 3
8 4
7 5
12 6
16 7
17 8
11 9
10 10
5 11
6 12
1 13
2 14
3 15
t 12
14 0
18 1
19 2
13 3
12 4
8 5
7 6
1 7
2 8
6 9
5 10
10 11
11 12
16 13
17 14
3 15
t 13
14 0
18 1
19 2
13 3
7 4
8 5
12 6
16 7
17 8
11 9
10 10
5 11
6 12
1 13
2 14
3 15
t 14
14 0
18 1
19 2
13 3
12 4
8 5
7 6
1 7
2 8
6 9
10 10
5 11
11 12
17 13
16 14
15 15
t 15
14 0
18 1
19 2
13 3
7 4
8 5
12 6
16 7
17 8
11 9
5 10
10 11
6 12
1 13
2 14
3 15
t # -1