t 0
14 0
3 1
9 2
8 3
7 4
4 5
13 6
12 7
2 8
t 1
3 0
4 1
2 2
12 3
13 4
9 5
8 6
7 7
10 8
t 2
3 0
4 1
2 2
12 3
7 4
1 5
8 6
13 7
9 8
t 3
1 0
3 1
0 2
8 3
13 4
4 5
7 6
12 7
9 8
t 4
3 0
4 1
2 2
12 3
7 4
1 5
13 6
8 7
9 8
t 5
3 0
4 1
2 2
7 3
13 4
1 5
8 6
12 7
9 8
t 6
1 0
3 1
0 2
12 3
8 4
4 5
7 6
13 7
2 8
t 7
3 0
4 1
2 2
13 3
12 4
9 5
7 6
8 7
1 8
t 8
3 0
4 1
2 2
13 3
7 4
1 5
12 6
8 7
9 8
t 9
3 0
4 1
2 2
12 3
13 4
9 5
7 6
8 7
1 8
t 10
1 0
3 1
0 2
8 3
12 4
4 5
7 6
13 7
9 8
t 11
14 0
3 1
9 2
7 3
8 4
4 5
12 6
13 7
1 8
t 12
1 0
3 1
0 2
13 3
8 4
4 5
7 6
12 7
2 8
t 13
14 0
3 1
9 2
8 3
7 4
4 5
12 6
13 7
2 8
t 14
1 0
3 1
0 2
8 3
12 4
4 5
13 6
7 7
9 8
t 15
1 0
3 1
0 2
13 3
8 4
4 5
12 6
7 7
2 8
t 16
3 0
4 1
2 2
7 3
12 4
1 5
8 6
13 7
9 8
t 17
3 0
4 1
2 2
7 3
13 4
1 5
12 6
8 7
6 8
t 18
14 0
3 1
9 2
7 3
8 4
4 5
13 6
12 7
1 8
t 19
1 0
3 1
0 2
12 3
8 4
4 5
13 6
7 7
2 8
t 20
3 0
4 1
2 2
13 3
7 4
1 5
8 6
12 7
9 8
t 21
3 0
4 1
2 2
7 3
12 4
1 5
13 6
8 7
6 8
t 22
3 0
4 1
2 2
13 3
12 4
9 5
8 6
7 7
10 8
t 23
1 0
3 1
0 2
8 3
13 4
4 5
12 6
7 7
9 8
t # -1