t 0
2 0
7 1
6 2
0 3
1 4
t 1
7 0
13 1
12 2
3 3
8 4
t 2
10 0
6 1
11 2
0 3
5 4
t 3
7 0
1 1
2 2
5 3
6 4
t 4
12 0
7 1
8 2
14 3
13 4
t 5
19 0
13 1
18 2
9 3
14 4
t 6
1 0
6 1
7 2
3 3
2 4
t 7
13 0
18 1
14 2
9 3
19 4
t 8
5 0
11 1
6 2
3 3
10 4
t 9
13 0
8 1
7 2
11 3
12 4
t 10
6 0
5 1
11 2
3 3
10 4
t 11
7 0
6 1
1 2
3 3
2 4
t 12
11 0
10 1
6 2
0 3
5 4
t 13
18 0
19 1
13 2
9 3
14 4
t 14
7 0
8 1
12 2
14 3
13 4
t 15
5 0
10 1
11 2
1 3
6 4
t 16
11 0
12 1
17 2
15 3
16 4
t 17
14 0
18 1
19 2
7 3
13 4
t 18
11 0
17 1
16 2
7 3
12 4
t 19
11 0
5 1
6 2
3 3
10 4
t 20
12 0
13 1
8 2
1 3
7 4
t 21
17 0
16 1
11 2
7 3
12 4
t 22
10 0
5 1
11 2
1 3
6 4
t 23
14 0
19 1
13 2
9 3
18 4
t 24
6 0
5 1
10 2
12 3
11 4
t 25
7 0
6 1
2 2
0 3
1 4
t 26
11 0
10 1
5 2
1 3
6 4
t 27
18 0
19 1
14 2
7 3
13 4
t 28
7 0
8 1
13 2
11 3
12 4
t 29
19 0
14 1
13 2
9 3
18 4
t 30
1 0
7 1
2 2
5 3
6 4
t 31
17 0
11 1
12 2
15 3
16 4
t 32
18 0
13 1
14 2
9 3
19 4
t 33
13 0
7 1
8 2
11 3
12 4
t 34
16 0
12 1
17 2
5 3
11 4
t 35
13 0
12 1
7 2
3 3
8 4
t 36
17 0
16 1
12 2
5 3
11 4
t 37
13 0
14 1
19 2
9 3
18 4
t 38
7 0
2 1
1 2
5 3
6 4
t 39
12 0
11 1
16 2
15 3
17 4
t 40
11 0
6 1
10 2
0 3
5 4
t 41
6 0
11 1
10 2
0 3
5 4
t 42
7 0
12 1
8 2
14 3
13 4
t 43
11 0
16 1
17 2
7 3
12 4
t 44
13 0
19 1
18 2
9 3
14 4
t 45
12 0
17 1
16 2
5 3
11 4
t 46
14 0
18 1
13 2
9 3
19 4
t 47
1 0
6 1
2 2
8 3
7 4
t 48
5 0
6 1
11 2
3 3
10 4
t 49
17 0
12 1
16 2
5 3
11 4
t 50
13 0
14 1
18 2
9 3
19 4
t 51
2 0
6 1
1 2
8 3
7 4
t 52
8 0
12 1
7 2
14 3
13 4
t 53
6 0
1 1
2 2
8 3
7 4
t 54
7 0
13 1
8 2
11 3
12 4
t 55
8 0
7 1
13 2
11 3
12 4
t 56
12 0
17 1
11 2
15 3
16 4
t 57
19 0
18 1
13 2
9 3
14 4
t 58
7 0
1 1
6 2
3 3
2 4
t 59
16 0
12 1
11 2
15 3
17 4
t 60
19 0
13 1
14 2
9 3
18 4
t 61
5 0
6 1
10 2
12 3
11 4
t 62
5 0
11 1
10 2
1 3
6 4
t 63
10 0
5 1
6 2
12 3
11 4
t 64
14 0
19 1
18 2
7 3
13 4
t 65
16 0
11 1
17 2
7 3
12 4
t 66
12 0
8 1
13 2
1 3
7 4
t 67
12 0
16 1
17 2
5 3
11 4
t 68
6 0
7 1
2 2
0 3
1 4
t 69
2 0
7 1
1 2
5 3
6 4
t 70
19 0
18 1
14 2
7 3
13 4
t 71
13 0
12 1
8 2
1 3
7 4
t 72
6 0
10 1
5 2
12 3
11 4
t 73
11 0
17 1
12 2
15 3
16 4
t 74
8 0
13 1
7 2
11 3
12 4
t 75
6 0
2 1
1 2
8 3
7 4
t 76
11 0
5 1
10 2
1 3
6 4
t 77
16 0
17 1
11 2
7 3
12 4
t 78
1 0
2 1
6 2
8 3
7 4
t 79
2 0
6 1
7 2
0 3
1 4
t 80
8 0
12 1
13 2
1 3
7 4
t 81
18 0
14 1
19 2
7 3
13 4
t 82
12 0
11 1
17 2
15 3
16 4
t 83
1 0
7 1
6 2
3 3
2 4
t 84
6 0
7 1
1 2
3 3
2 4
t 85
17 0
11 1
16 2
7 3
12 4
t 86
5 0
10 1
6 2
12 3
11 4
t 87
11 0
12 1
16 2
15 3
17 4
t 88
13 0
7 1
12 2
3 3
8 4
t 89
10 0
6 1
5 2
12 3
11 4
t 90
14 0
13 1
19 2
9 3
18 4
t 91
2 0
1 1
7 2
5 3
6 4
t 92
8 0
13 1
12 2
1 3
7 4
t 93
17 0
12 1
11 2
15 3
16 4
t 94
16 0
17 1
12 2
5 3
11 4
t 95
12 0
13 1
7 2
3 3
8 4
t 96
1 0
2 1
7 2
5 3
6 4
t 97
12 0
8 1
7 2
14 3
13 4
t 98
12 0
16 1
11 2
15 3
17 4
t 99
19 0
14 1
18 2
7 3
13 4
t 100
6 0
1 1
7 2
3 3
2 4
t 101
10 0
11 1
5 2
1 3
6 4
t 102
13 0
19 1
14 2
9 3
18 4
t 103
18 0
13 1
19 2
9 3
14 4
t 104
8 0
7 1
12 2
14 3
13 4
t 105
14 0
13 1
18 2
9 3
19 4
t 106
12 0
7 1
13 2
3 3
8 4
t 107
2 0
1 1
6 2
8 3
7 4
t 108
6 0
10 1
11 2
0 3
5 4
t 109
6 0
2 1
7 2
0 3
1 4
t 110
13 0
18 1
19 2
9 3
14 4
t 111
13 0
8 1
12 2
1 3
7 4
t 112
16 0
11 1
12 2
15 3
17 4
t 113
7 0
2 1
6 2
0 3
1 4
t 114
18 0
14 1
13 2
9 3
19 4
t 115
11 0
6 1
5 2
3 3
10 4
t 116
6 0
11 1
5 2
3 3
10 4
t 117
7 0
12 1
13 2
3 3
8 4
t 118
10 0
11 1
6 2
0 3
5 4
t 119
11 0
16 1
12 2
15 3
17 4
t # -1