t 0
0 0
6 1
2 2
7 3
1 4
t 1
5 0
12 1
16 2
17 3
11 4
t 2
5 0
7 1
1 2
2 3
6 4
t 3
3 0
13 1
7 2
12 3
8 4
t 4
8 0
1 1
2 2
6 3
7 4
t 5
3 0
6 1
7 2
1 3
2 4
t 6
14 0
7 1
12 2
8 3
13 4
t 7
11 0
8 1
13 2
7 3
12 4
t 8
3 0
13 1
12 2
7 3
8 4
t 9
9 0
13 1
18 2
19 3
14 4
t 10
7 0
14 1
19 2
18 3
13 4
t 11
15 0
16 1
11 2
12 3
17 4
t 12
15 0
17 1
12 2
11 3
16 4
t 13
1 0
5 1
10 2
11 3
6 4
t 14
0 0
6 1
7 2
2 3
1 4
t 15
0 0
6 1
11 2
10 3
5 4
t 16
14 0
8 1
7 2
12 3
13 4
t 17
5 0
1 1
2 2
7 3
6 4
t 18
7 0
19 1
18 2
14 3
13 4
t 19
0 0
11 1
10 2
6 3
5 4
t 20
9 0
14 1
13 2
19 3
18 4
t 21
3 0
6 1
5 2
11 3
10 4
t 22
3 0
12 1
7 2
13 3
8 4
t 23
1 0
13 1
8 2
12 3
7 4
t 24
9 0
14 1
18 2
13 3
19 4
t 25
1 0
5 1
11 2
10 3
6 4
t 26
9 0
13 1
19 2
18 3
14 4
t 27
15 0
16 1
12 2
11 3
17 4
t 28
12 0
6 1
10 2
5 3
11 4
t 29
11 0
7 1
13 2
8 3
12 4
t 30
3 0
7 1
1 2
6 3
2 4
t 31
7 0
14 1
18 2
19 3
13 4
t 32
15 0
17 1
11 2
12 3
16 4
t 33
0 0
6 1
10 2
11 3
5 4
t 34
5 0
16 1
12 2
17 3
11 4
t 35
15 0
11 1
12 2
16 3
17 4
t 36
7 0
16 1
17 2
11 3
12 4
t 37
8 0
1 1
6 2
2 3
7 4
t 38
5 0
2 1
7 2
1 3
6 4
t 39
9 0
18 1
13 2
14 3
19 4
t 40
9 0
19 1
14 2
13 3
18 4
t 41
5 0
16 1
17 2
12 3
11 4
t 42
12 0
10 1
5 2
6 3
11 4
t 43
3 0
11 1
6 2
5 3
10 4
t 44
15 0
11 1
12 2
17 3
16 4
t 45
3 0
7 1
6 2
1 3
2 4
t 46
3 0
7 1
12 2
13 3
8 4
t 47
1 0
8 1
13 2
12 3
7 4
t 48
8 0
2 1
1 2
6 3
7 4
t 49
3 0
6 1
1 2
7 3
2 4
t 50
0 0
7 1
2 2
6 3
1 4
t 51
1 0
13 1
12 2
8 3
7 4
t 52
11 0
8 1
7 2
13 3
12 4
t 53
3 0
7 1
13 2
12 3
8 4
t 54
12 0
10 1
6 2
5 3
11 4
t 55
5 0
1 1
7 2
2 3
6 4
t 56
9 0
18 1
14 2
13 3
19 4
t 57
14 0
8 1
12 2
7 3
13 4
t 58
9 0
19 1
13 2
14 3
18 4
t 59
3 0
11 1
5 2
6 3
10 4
t 60
7 0
18 1
14 2
19 3
13 4
t 61
1 0
8 1
12 2
13 3
7 4
t 62
0 0
10 1
6 2
11 3
5 4
t 63
7 0
17 1
11 2
16 3
12 4
t 64
15 0
11 1
16 2
12 3
17 4
t 65
15 0
12 1
17 2
11 3
16 4
t 66
12 0
5 1
6 2
10 3
11 4
t 67
1 0
10 1
11 2
5 3
6 4
t 68
9 0
13 1
14 2
18 3
19 4
t 69
9 0
18 1
19 2
13 3
14 4
t 70
7 0
18 1
19 2
14 3
13 4
t 71
9 0
13 1
14 2
19 3
18 4
t 72
7 0
17 1
16 2
11 3
12 4
t 73
0 0
10 1
11 2
6 3
5 4
t 74
14 0
12 1
7 2
8 3
13 4
t 75
15 0
12 1
11 2
16 3
17 4
t 76
11 0
13 1
8 2
7 3
12 4
t 77
3 0
5 1
6 2
11 3
10 4
t 78
3 0
1 1
6 2
7 3
2 4
t 79
0 0
2 1
7 2
6 3
1 4
t 80
5 0
2 1
1 2
7 3
6 4
t 81
0 0
7 1
6 2
2 3
1 4
t 82
7 0
16 1
11 2
17 3
12 4
t 83
5 0
17 1
12 2
16 3
11 4
t 84
15 0
11 1
17 2
12 3
16 4
t 85
3 0
1 1
7 2
6 3
2 4
t 86
14 0
12 1
8 2
7 3
13 4
t 87
8 0
2 1
6 2
1 3
7 4
t 88
11 0
13 1
7 2
8 3
12 4
t 89
0 0
2 1
6 2
7 3
1 4
t 90
9 0
19 1
13 2
18 3
14 4
t 91
1 0
11 1
5 2
10 3
6 4
t 92
1 0
12 1
8 2
13 3
7 4
t 93
9 0
13 1
18 2
14 3
19 4
t 94
9 0
14 1
19 2
13 3
18 4
t 95
14 0
7 1
8 2
12 3
13 4
t 96
3 0
12 1
13 2
7 3
8 4
t 97
12 0
5 1
10 2
6 3
11 4
t 98
3 0
6 1
11 2
5 3
10 4
t 99
9 0
19 1
18 2
13 3
14 4
t 100
9 0
14 1
13 2
18 3
19 4
t 101
1 0
11 1
10 2
5 3
6 4
t 102
7 0
11 1
16 2
17 3
12 4
t 103
1 0
12 1
13 2
8 3
7 4
t 104
5 0
12 1
17 2
16 3
11 4
t 105
8 0
6 1
1 2
2 3
7 4
t 106
12 0
6 1
5 2
10 3
11 4
t 107
5 0
7 1
2 2
1 3
6 4
t 108
11 0
7 1
8 2
13 3
12 4
t 109
15 0
12 1
11 2
17 3
16 4
t 110
5 0
17 1
16 2
12 3
11 4
t 111
9 0
18 1
13 2
19 3
14 4
t 112
7 0
19 1
14 2
18 3
13 4
t 113
1 0
10 1
5 2
11 3
6 4
t 114
0 0
11 1
6 2
10 3
5 4
t 115
15 0
12 1
16 2
11 3
17 4
t 116
9 0
13 1
19 2
14 3
18 4
t 117
8 0
6 1
2 2
1 3
7 4
t 118
7 0
11 1
17 2
16 3
12 4
t 119
3 0
5 1
11 2
6 3
10 4
t # -1