t 0
18 0
19 1
14 2
13 3
9 4
4 5
t 1
6 0
1 1
2 2
7 3
0 4
8 5
t 2
17 0
11 1
12 2
16 3
5 4
6 5
t 3
12 0
8 1
7 2
13 3
3 4
4 5
t 4
2 0
7 1
6 2
1 3
8 4
12 5
t 5
12 0
7 1
13 2
8 3
1 4
2 5
t 6
10 0
5 1
6 2
11 3
0 4
1 5
t 7
16 0
12 1
11 2
17 3
7 4
8 5
t 8
6 0
11 1
10 2
5 3
12 4
16 5
t 9
13 0
7 1
8 2
12 3
1 4
2 5
t 10
13 0
12 1
7 2
8 3
11 4
16 5
t 11
7 0
8 1
13 2
12 3
3 4
4 5
t 12
10 0
11 1
6 2
5 3
12 4
16 5
t 13
19 0
14 1
13 2
18 3
9 4
4 5
t 14
8 0
13 1
7 2
12 3
14 4
18 5
t 15
17 0
12 1
16 2
11 3
7 4
8 5
t 16
7 0
2 1
1 2
6 3
3 4
8 5
t 17
12 0
16 1
17 2
11 3
15 4
10 5
t 18
14 0
13 1
19 2
18 3
7 4
8 5
t 19
7 0
13 1
12 2
8 3
14 4
18 5
t 20
13 0
8 1
12 2
7 3
3 4
4 5
t 21
8 0
4 1
9 2
3 3
14 4
7 5
t 22
11 0
17 1
16 2
12 3
15 4
10 5
t 23
13 0
14 1
18 2
19 3
9 4
4 5
t 24
11 0
6 1
5 2
10 3
1 4
2 5
t 25
8 0
12 1
13 2
7 3
11 4
16 5
t 26
6 0
7 1
2 2
1 3
8 4
12 5
t 27
4 0
8 1
9 2
3 3
7 4
12 5
t 28
6 0
5 1
11 2
10 3
0 4
1 5
t 29
2 0
1 1
7 2
6 3
0 4
8 5
t 30
17 0
16 1
12 2
11 3
15 4
10 5
t 31
13 0
18 1
14 2
19 3
9 4
4 5
t 32
10 0
11 1
5 2
6 3
12 4
16 5
t 33
11 0
16 1
12 2
17 3
15 4
10 5
t 34
12 0
13 1
7 2
8 3
14 4
18 5
t 35
16 0
17 1
11 2
12 3
15 4
10 5
t 36
18 0
19 1
13 2
14 3
9 4
4 5
t 37
1 0
7 1
2 2
6 3
8 4
12 5
t 38
5 0
11 1
6 2
10 3
12 4
16 5
t 39
14 0
18 1
19 2
13 3
9 4
4 5
t 40
8 0
7 1
12 2
13 3
1 4
2 5
t 41
14 0
19 1
13 2
18 3
9 4
4 5
t 42
7 0
13 1
8 2
12 3
14 4
18 5
t 43
12 0
17 1
11 2
16 3
15 4
10 5
t 44
12 0
11 1
16 2
17 3
5 4
6 5
t 45
13 0
19 1
14 2
18 3
9 4
4 5
t 46
4 0
8 1
3 2
9 3
7 4
12 5
t 47
11 0
17 1
12 2
16 3
15 4
10 5
t 48
14 0
13 1
18 2
19 3
7 4
8 5
t 49
2 0
6 1
1 2
7 3
5 4
10 5
t 50
8 0
12 1
7 2
13 3
11 4
16 5
t 51
5 0
10 1
6 2
11 3
3 4
15 5
t 52
16 0
11 1
12 2
17 3
5 4
6 5
t 53
6 0
10 1
5 2
11 3
3 4
15 5
t 54
1 0
6 1
2 2
7 3
5 4
10 5
t 55
11 0
12 1
17 2
16 3
7 4
8 5
t 56
18 0
13 1
14 2
19 3
7 4
8 5
t 57
2 0
1 1
6 2
7 3
0 4
8 5
t 58
6 0
7 1
1 2
2 3
8 4
12 5
t 59
13 0
14 1
19 2
18 3
9 4
4 5
t 60
14 0
18 1
13 2
19 3
9 4
4 5
t 61
12 0
16 1
11 2
17 3
15 4
10 5
t 62
6 0
5 1
10 2
11 3
0 4
1 5
t 63
7 0
12 1
8 2
13 3
11 4
16 5
t 64
10 0
5 1
11 2
6 3
0 4
1 5
t 65
1 0
2 1
7 2
6 3
3 4
8 5
t 66
11 0
10 1
5 2
6 3
3 4
15 5
t 67
6 0
1 1
7 2
2 3
0 4
8 5
t 68
12 0
7 1
8 2
13 3
1 4
2 5
t 69
5 0
6 1
11 2
10 3
1 4
2 5
t 70
11 0
5 1
6 2
10 3
0 4
1 5
t 71
18 0
14 1
13 2
19 3
9 4
4 5
t 72
8 0
13 1
12 2
7 3
14 4
18 5
t 73
17 0
12 1
11 2
16 3
7 4
8 5
t 74
7 0
1 1
2 2
6 3
0 4
8 5
t 75
19 0
14 1
18 2
13 3
9 4
4 5
t 76
2 0
7 1
1 2
6 3
8 4
12 5
t 77
12 0
13 1
8 2
7 3
14 4
18 5
t 78
1 0
7 1
6 2
2 3
8 4
12 5
t 79
16 0
17 1
12 2
11 3
15 4
10 5
t 80
6 0
11 1
5 2
10 3
12 4
16 5
t 81
5 0
11 1
10 2
6 3
12 4
16 5
t 82
7 0
6 1
1 2
2 3
5 4
10 5
t 83
11 0
6 1
10 2
5 3
1 4
2 5
t 84
6 0
2 1
7 2
1 3
3 4
8 5
t 85
12 0
11 1
17 2
16 3
5 4
6 5
t 86
11 0
12 1
16 2
17 3
7 4
8 5
t 87
7 0
2 1
6 2
1 3
3 4
8 5
t 88
6 0
10 1
11 2
5 3
3 4
15 5
t 89
8 0
7 1
13 2
12 3
1 4
2 5
t 90
13 0
19 1
18 2
14 3
9 4
4 5
t 91
13 0
8 1
7 2
12 3
3 4
4 5
t 92
2 0
6 1
7 2
1 3
5 4
10 5
t 93
19 0
18 1
14 2
13 3
9 4
4 5
t 94
19 0
13 1
14 2
18 3
7 4
8 5
t 95
17 0
11 1
16 2
12 3
5 4
6 5
t 96
13 0
12 1
8 2
7 3
11 4
16 5
t 97
11 0
5 1
10 2
6 3
0 4
1 5
t 98
11 0
10 1
6 2
5 3
3 4
15 5
t 99
13 0
7 1
12 2
8 3
1 4
2 5
t 100
7 0
6 1
2 2
1 3
5 4
10 5
t 101
16 0
12 1
17 2
11 3
7 4
8 5
t 102
11 0
16 1
17 2
12 3
15 4
10 5
t 103
1 0
2 1
6 2
7 3
3 4
8 5
t 104
18 0
14 1
19 2
13 3
9 4
4 5
t 105
13 0
18 1
19 2
14 3
9 4
4 5
t 106
7 0
1 1
6 2
2 3
0 4
8 5
t 107
12 0
8 1
13 2
7 3
3 4
4 5
t 108
10 0
6 1
11 2
5 3
1 4
2 5
t 109
5 0
6 1
10 2
11 3
1 4
2 5
t 110
7 0
8 1
12 2
13 3
3 4
4 5
t 111
1 0
6 1
7 2
2 3
5 4
10 5
t 112
5 0
10 1
11 2
6 3
3 4
15 5
t 113
7 0
12 1
13 2
8 3
11 4
16 5
t 114
17 0
16 1
11 2
12 3
15 4
10 5
t 115
19 0
18 1
13 2
14 3
9 4
4 5
t 116
12 0
17 1
16 2
11 3
15 4
10 5
t 117
14 0
19 1
18 2
13 3
9 4
4 5
t 118
16 0
11 1
17 2
12 3
5 4
6 5
t 119
6 0
2 1
1 2
7 3
3 4
8 5
t 120
8 0
4 1
3 2
9 3
14 4
7 5
t 121
19 0
13 1
18 2
14 3
7 4
8 5
t 122
18 0
13 1
19 2
14 3
7 4
8 5
t 123
10 0
6 1
5 2
11 3
1 4
2 5
t # -1