t 0
10 0
1 1
2 2
7 3
11 4
6 5
5 6
t 1
17 0
7 1
8 2
15 3
16 4
12 5
11 6
t 2
12 0
7 1
8 2
5 3
11 4
17 5
16 6
t 3
5 0
0 1
3 2
1 3
6 4
10 5
11 6
t 4
11 0
7 1
8 2
15 3
16 4
12 5
17 6
t 5
17 0
5 1
6 2
15 3
16 4
11 5
12 6
t 6
12 0
7 1
8 2
5 3
17 4
11 5
16 6
t 7
13 0
9 1
7 2
4 3
19 4
14 5
18 6
t 8
11 0
1 1
2 2
7 3
5 4
6 5
10 6
t 9
19 0
9 1
4 2
8 3
14 4
18 5
13 6
t 10
1 0
5 1
10 2
8 3
7 4
6 5
2 6
t 11
12 0
3 1
4 2
9 3
7 4
8 5
13 6
t 12
12 0
15 1
7 2
5 3
11 4
16 5
17 6
t 13
10 0
12 1
16 2
0 3
5 4
11 5
6 6
t 14
5 0
0 1
12 2
1 3
6 4
11 5
10 6
t 15
19 0
9 1
4 2
7 3
13 4
14 5
18 6
t 16
12 0
14 1
18 2
3 3
8 4
13 5
7 6
t 17
6 0
5 1
10 2
3 3
2 4
1 5
7 6
t 18
12 0
1 1
2 2
6 3
13 4
7 5
8 6
t 19
1 0
8 1
12 2
13 3
6 4
7 5
2 6
t 20
13 0
3 1
4 2
9 3
7 4
8 5
12 6
t 21
10 0
0 1
3 2
12 3
11 4
5 5
6 6
t 22
11 0
15 1
5 2
0 3
17 4
16 5
12 6
t 23
12 0
7 1
8 2
15 3
16 4
11 5
17 6
t 24
13 0
9 1
7 2
4 3
18 4
14 5
19 6
t 25
2 0
5 1
10 2
8 3
7 4
6 5
1 6
t 26
11 0
12 1
16 2
1 3
6 4
10 5
5 6
t 27
10 0
12 1
16 2
1 3
6 4
11 5
5 6
t 28
2 0
8 1
12 2
13 3
6 4
7 5
1 6
t 29
19 0
9 1
4 2
8 3
18 4
14 5
13 6
t 30
11 0
0 1
12 2
3 3
10 4
5 5
6 6
t 31
11 0
5 1
6 2
15 3
16 4
17 5
12 6
t 32
12 0
14 1
18 2
1 3
7 4
13 5
8 6
t 33
7 0
8 1
12 2
5 3
6 4
1 5
2 6
t 34
7 0
1 1
2 2
14 3
12 4
13 5
8 6
t 35
16 0
15 1
10 2
5 3
11 4
17 5
12 6
t 36
6 0
1 1
2 2
12 3
10 4
11 5
5 6
t 37
13 0
14 1
18 2
3 3
8 4
12 5
7 6
t 38
8 0
3 1
4 2
14 3
13 4
12 5
7 6
t 39
16 0
15 1
7 2
8 3
17 4
12 5
11 6
t 40
13 0
7 1
8 2
3 3
19 4
18 5
14 6
t 41
7 0
8 1
12 2
5 3
1 4
6 5
2 6
t 42
19 0
7 1
8 2
12 3
18 4
13 5
14 6
t 43
11 0
12 1
16 2
0 3
5 4
10 5
6 6
t 44
16 0
15 1
5 2
6 3
17 4
11 5
12 6
t 45
17 0
15 1
10 2
7 3
12 4
16 5
11 6
t 46
12 0
3 1
4 2
9 3
13 4
8 5
7 6
t 47
12 0
15 1
7 2
1 3
17 4
16 5
11 6
t 48
18 0
9 1
4 2
8 3
14 4
19 5
13 6
t 49
18 0
7 1
8 2
12 3
19 4
13 5
14 6
t 50
12 0
7 1
8 2
15 3
16 4
17 5
11 6
t 51
13 0
14 1
18 2
1 3
7 4
12 5
8 6
t 52
14 0
9 1
4 2
8 3
18 4
19 5
13 6
t 53
18 0
9 1
4 2
8 3
19 4
14 5
13 6
t 54
8 0
3 1
4 2
14 3
12 4
13 5
7 6
t 55
7 0
8 1
12 2
5 3
6 4
2 5
1 6
t 56
11 0
1 1
2 2
7 3
10 4
6 5
5 6
t 57
19 0
9 1
4 2
7 3
13 4
18 5
14 6
t 58
17 0
15 1
10 2
5 3
11 4
16 5
12 6
t 59
18 0
9 1
4 2
7 3
13 4
19 5
14 6
t 60
13 0
1 1
2 2
6 3
12 4
7 5
8 6
t 61
13 0
7 1
8 2
3 3
18 4
19 5
14 6
t 62
18 0
7 1
8 2
9 3
14 4
13 5
19 6
t 63
6 0
5 1
10 2
8 3
7 4
1 5
2 6
t 64
8 0
3 1
4 2
1 3
7 4
12 5
13 6
t 65
6 0
8 1
12 2
13 3
2 4
7 5
1 6
t 66
16 0
15 1
7 2
8 3
11 4
12 5
17 6
t 67
13 0
3 1
4 2
9 3
12 4
8 5
7 6
t 68
10 0
0 1
3 2
1 3
6 4
5 5
11 6
t 69
17 0
5 1
6 2
7 3
12 4
11 5
16 6
t 70
8 0
3 1
4 2
1 3
7 4
13 5
12 6
t 71
7 0
8 1
12 2
3 3
1 4
2 5
6 6
t 72
14 0
9 1
4 2
8 3
19 4
18 5
13 6
t 73
8 0
3 1
4 2
1 3
12 4
7 5
13 6
t 74
7 0
3 1
4 2
9 3
12 4
8 5
13 6
t 75
5 0
0 1
12 2
16 3
10 4
11 5
6 6
t 76
17 0
7 1
8 2
13 3
11 4
12 5
16 6
t 77
16 0
15 1
10 2
7 3
12 4
17 5
11 6
t 78
5 0
0 1
3 2
12 3
11 4
10 5
6 6
t 79
6 0
8 1
12 2
13 3
1 4
7 5
2 6
t 80
1 0
8 1
12 2
13 3
2 4
7 5
6 6
t 81
18 0
9 1
4 2
7 3
13 4
14 5
19 6
t 82
7 0
8 1
12 2
5 3
2 4
6 5
1 6
t 83
14 0
9 1
7 2
8 3
18 4
13 5
19 6
t 84
7 0
1 1
2 2
14 3
13 4
12 5
8 6
t 85
6 0
5 1
10 2
8 3
7 4
2 5
1 6
t 86
6 0
1 1
2 2
12 3
11 4
10 5
5 6
t 87
1 0
5 1
10 2
11 3
2 4
6 5
7 6
t 88
10 0
1 1
2 2
7 3
5 4
6 5
11 6
t 89
5 0
1 1
2 2
7 3
10 4
6 5
11 6
t 90
2 0
3 1
0 2
8 3
7 4
1 5
6 6
t 91
11 0
0 1
12 2
1 3
6 4
5 5
10 6
t 92
11 0
5 1
6 2
7 3
12 4
17 5
16 6
t 93
6 0
1 1
2 2
0 3
11 4
5 5
10 6
t 94
7 0
8 1
12 2
3 3
2 4
1 5
6 6
t 95
7 0
1 1
2 2
3 3
8 4
13 5
12 6
t 96
14 0
9 1
4 2
7 3
13 4
19 5
18 6
t 97
12 0
1 1
2 2
3 3
8 4
7 5
13 6
t 98
11 0
15 1
5 2
7 3
12 4
16 5
17 6
t 99
19 0
7 1
8 2
9 3
14 4
13 5
18 6
t 100
14 0
9 1
7 2
8 3
19 4
13 5
18 6
t 101
1 0
3 1
0 2
8 3
7 4
2 5
6 6
t 102
7 0
1 1
2 2
3 3
8 4
12 5
13 6
t 103
14 0
9 1
4 2
7 3
13 4
18 5
19 6
t 104
2 0
8 1
12 2
13 3
1 4
7 5
6 6
t 105
5 0
1 1
2 2
7 3
11 4
6 5
10 6
t 106
2 0
3 1
0 2
5 3
6 4
1 5
7 6
t 107
6 0
1 1
2 2
0 3
10 4
5 5
11 6
t 108
6 0
1 1
2 2
0 3
5 4
11 5
10 6
t 109
11 0
7 1
8 2
13 3
17 4
12 5
16 6
t 110
13 0
7 1
8 2
9 3
14 4
18 5
19 6
t 111
2 0
5 1
10 2
11 3
1 4
6 5
7 6
t 112
1 0
3 1
0 2
5 3
6 4
2 5
7 6
t 113
8 0
3 1
4 2
1 3
13 4
7 5
12 6
t 114
6 0
5 1
10 2
3 3
1 4
2 5
7 6
t 115
6 0
1 1
2 2
0 3
5 4
10 5
11 6
t 116
7 0
3 1
4 2
9 3
13 4
8 5
12 6
t 117
16 0
15 1
5 2
7 3
12 4
11 5
17 6
t 118
13 0
1 1
2 2
3 3
8 4
7 5
12 6
t 119
13 0
7 1
8 2
9 3
14 4
19 5
18 6
t # -1