t 0
18 0
13 1
9 2
4 3
14 4
19 5
t 1
8 0
7 1
3 2
14 3
13 4
12 5
t 2
8 0
13 1
3 2
1 3
7 4
12 5
t 3
12 0
17 1
15 2
5 3
11 4
16 5
t 4
18 0
14 1
9 2
7 3
19 4
13 5
t 5
8 0
7 1
3 2
14 3
12 4
13 5
t 6
10 0
6 1
1 2
0 3
11 4
5 5
t 7
11 0
10 1
1 2
2 3
5 4
6 5
t 8
19 0
18 1
9 2
7 3
14 4
13 5
t 9
10 0
5 1
1 2
2 3
6 4
11 5
t 10
14 0
18 1
9 2
7 3
19 4
13 5
t 11
19 0
18 1
9 2
7 3
13 4
14 5
t 12
11 0
10 1
1 2
2 3
6 4
5 5
t 13
6 0
2 1
8 2
12 3
7 4
1 5
t 14
12 0
13 1
3 2
4 3
8 4
7 5
t 15
7 0
12 1
3 2
4 3
8 4
13 5
t 16
16 0
17 1
15 2
7 3
12 4
11 5
t 17
11 0
16 1
15 2
7 3
12 4
17 5
t 18
7 0
13 1
3 2
4 3
12 4
8 5
t 19
2 0
7 1
8 2
5 3
6 4
1 5
t 20
12 0
13 1
3 2
4 3
7 4
8 5
t 21
2 0
6 1
8 2
12 3
1 4
7 5
t 22
11 0
17 1
15 2
7 3
16 4
12 5
t 23
13 0
8 1
3 2
1 3
12 4
7 5
t 24
12 0
11 1
15 2
10 3
16 4
17 5
t 25
17 0
12 1
15 2
5 3
16 4
11 5
t 26
16 0
17 1
15 2
7 3
11 4
12 5
t 27
6 0
10 1
1 2
0 3
5 4
11 5
t 28
17 0
11 1
15 2
7 3
12 4
16 5
t 29
12 0
11 1
15 2
10 3
17 4
16 5
t 30
13 0
7 1
3 2
4 3
8 4
12 5
t 31
6 0
2 1
8 2
12 3
1 4
7 5
t 32
10 0
6 1
1 2
0 3
5 4
11 5
t 33
7 0
2 1
8 2
5 3
1 4
6 5
t 34
12 0
8 1
3 2
1 3
7 4
13 5
t 35
16 0
12 1
15 2
5 3
11 4
17 5
t 36
18 0
14 1
9 2
7 3
13 4
19 5
t 37
1 0
7 1
8 2
5 3
2 4
6 5
t 38
19 0
14 1
9 2
7 3
13 4
18 5
t 39
7 0
6 1
8 2
3 3
2 4
1 5
t 40
7 0
13 1
3 2
4 3
8 4
12 5
t 41
7 0
6 1
8 2
3 3
1 4
2 5
t 42
6 0
1 1
8 2
12 3
2 4
7 5
t 43
5 0
11 1
1 2
2 3
6 4
10 5
t 44
13 0
19 1
9 2
4 3
14 4
18 5
t 45
11 0
6 1
1 2
0 3
5 4
10 5
t 46
11 0
17 1
15 2
7 3
12 4
16 5
t 47
13 0
8 1
3 2
1 3
7 4
12 5
t 48
2 0
7 1
8 2
5 3
1 4
6 5
t 49
17 0
12 1
15 2
5 3
11 4
16 5
t 50
11 0
5 1
1 2
2 3
6 4
10 5
t 51
6 0
11 1
1 2
0 3
5 4
10 5
t 52
7 0
2 1
8 2
5 3
6 4
1 5
t 53
2 0
1 1
8 2
12 3
6 4
7 5
t 54
6 0
5 1
1 2
12 3
11 4
10 5
t 55
7 0
1 1
8 2
5 3
2 4
6 5
t 56
6 0
5 1
1 2
12 3
10 4
11 5
t 57
2 0
1 1
8 2
12 3
7 4
6 5
t 58
16 0
12 1
15 2
5 3
17 4
11 5
t 59
13 0
12 1
3 2
4 3
7 4
8 5
t 60
17 0
16 1
15 2
7 3
12 4
11 5
t 61
14 0
19 1
9 2
7 3
13 4
18 5
t 62
12 0
8 1
3 2
1 3
13 4
7 5
t 63
12 0
7 1
3 2
4 3
8 4
13 5
t 64
1 0
6 1
8 2
12 3
2 4
7 5
t 65
12 0
16 1
15 2
5 3
17 4
11 5
t 66
17 0
16 1
15 2
7 3
11 4
12 5
t 67
13 0
12 1
3 2
4 3
8 4
7 5
t 68
16 0
11 1
15 2
7 3
12 4
17 5
t 69
8 0
12 1
3 2
1 3
13 4
7 5
t 70
1 0
7 1
8 2
5 3
6 4
2 5
t 71
6 0
1 1
8 2
12 3
7 4
2 5
t 72
5 0
10 1
1 2
2 3
6 4
11 5
t 73
6 0
7 1
8 2
3 3
1 4
2 5
t 74
19 0
14 1
9 2
7 3
18 4
13 5
t 75
18 0
19 1
9 2
7 3
14 4
13 5
t 76
13 0
18 1
9 2
4 3
14 4
19 5
t 77
5 0
11 1
1 2
2 3
10 4
6 5
t 78
10 0
11 1
1 2
2 3
5 4
6 5
t 79
19 0
13 1
9 2
4 3
14 4
18 5
t 80
14 0
13 1
9 2
4 3
18 4
19 5
t 81
13 0
19 1
9 2
4 3
18 4
14 5
t 82
6 0
7 1
8 2
3 3
2 4
1 5
t 83
14 0
13 1
9 2
4 3
19 4
18 5
t 84
18 0
19 1
9 2
7 3
13 4
14 5
t 85
11 0
6 1
1 2
0 3
10 4
5 5
t 86
10 0
11 1
1 2
2 3
6 4
5 5
t 87
14 0
19 1
9 2
7 3
18 4
13 5
t 88
1 0
2 1
8 2
12 3
6 4
7 5
t 89
11 0
12 1
15 2
10 3
17 4
16 5
t 90
13 0
14 1
9 2
4 3
19 4
18 5
t 91
7 0
1 1
8 2
5 3
6 4
2 5
t 92
12 0
16 1
15 2
5 3
11 4
17 5
t 93
11 0
5 1
1 2
2 3
10 4
6 5
t 94
8 0
12 1
3 2
1 3
7 4
13 5
t 95
5 0
6 1
1 2
12 3
10 4
11 5
t 96
7 0
8 1
3 2
14 3
12 4
13 5
t 97
18 0
13 1
9 2
4 3
19 4
14 5
t 98
14 0
18 1
9 2
7 3
13 4
19 5
t 99
1 0
6 1
8 2
12 3
7 4
2 5
t 100
1 0
2 1
8 2
12 3
7 4
6 5
t 101
11 0
12 1
15 2
10 3
16 4
17 5
t 102
13 0
14 1
9 2
4 3
18 4
19 5
t 103
6 0
11 1
1 2
0 3
10 4
5 5
t 104
16 0
11 1
15 2
7 3
17 4
12 5
t 105
8 0
13 1
3 2
1 3
12 4
7 5
t 106
5 0
6 1
1 2
12 3
11 4
10 5
t 107
7 0
8 1
3 2
14 3
13 4
12 5
t 108
12 0
7 1
3 2
4 3
13 4
8 5
t 109
12 0
17 1
15 2
5 3
16 4
11 5
t 110
10 0
5 1
1 2
2 3
11 4
6 5
t 111
6 0
10 1
1 2
0 3
11 4
5 5
t 112
2 0
6 1
8 2
12 3
7 4
1 5
t 113
19 0
13 1
9 2
4 3
18 4
14 5
t 114
5 0
10 1
1 2
2 3
11 4
6 5
t 115
7 0
12 1
3 2
4 3
13 4
8 5
t 116
13 0
7 1
3 2
4 3
12 4
8 5
t 117
17 0
11 1
15 2
7 3
16 4
12 5
t 118
11 0
16 1
15 2
7 3
17 4
12 5
t 119
13 0
18 1
9 2
4 3
19 4
14 5
t # -1