t 0
1 0
10 1
11 2
6 3
2 4
7 5
0 6
5 7
t 1
0 0
10 1
6 2
5 3
12 4
1 5
16 6
11 7
t 2
14 0
7 1
12 2
13 3
3 4
4 5
9 6
8 7
t 3
3 0
7 1
1 2
2 3
8 4
4 5
5 6
6 7
t 4
1 0
12 1
13 2
7 3
3 4
4 5
9 6
8 7
t 5
7 0
14 1
18 2
13 3
9 4
4 5
8 6
19 7
t 6
8 0
2 1
6 2
7 3
12 4
13 5
0 6
1 7
t 7
8 0
1 1
2 2
7 3
12 4
13 5
5 6
6 7
t 8
3 0
5 1
11 2
10 3
1 4
2 5
7 6
6 7
t 9
15 0
17 1
12 2
16 3
5 4
0 5
6 6
11 7
t 10
5 0
2 1
1 2
6 3
8 4
3 5
12 6
7 7
t 11
11 0
13 1
7 2
12 3
3 4
4 5
9 6
8 7
t 12
0 0
11 1
10 2
5 3
1 4
2 5
7 6
6 7
t 13
14 0
12 1
8 2
13 3
1 4
3 5
2 6
7 7
t 14
15 0
16 1
11 2
17 3
7 4
1 5
8 6
12 7
t 15
11 0
8 1
13 2
12 3
3 4
1 5
2 6
7 7
t 16
3 0
12 1
7 2
8 3
4 4
9 5
14 6
13 7
t 17
1 0
5 1
11 2
6 3
2 4
7 5
3 6
10 7
t 18
7 0
19 1
18 2
13 3
9 4
4 5
8 6
14 7
t 19
7 0
18 1
14 2
13 3
8 4
3 5
4 6
19 7
t 20
9 0
18 1
19 2
14 3
7 4
1 5
8 6
13 7
t 21
14 0
8 1
7 2
13 3
3 4
1 5
11 6
12 7
t 22
5 0
17 1
16 2
11 3
7 4
1 5
8 6
12 7
t 23
3 0
13 1
7 2
8 3
4 4
9 5
11 6
12 7
t 24
5 0
7 1
1 2
6 3
8 4
3 5
4 6
2 7
t 25
8 0
1 1
6 2
7 3
12 4
13 5
3 6
2 7
t 26
7 0
16 1
17 2
12 3
15 4
10 5
5 6
11 7
t 27
0 0
6 1
7 2
1 3
5 4
8 5
3 6
2 7
t 28
0 0
6 1
10 2
5 3
1 4
12 5
16 6
11 7
t 29
14 0
7 1
8 2
13 3
1 4
3 5
11 6
12 7
t 30
3 0
7 1
13 2
8 3
4 4
9 5
11 6
12 7
t 31
9 0
18 1
13 2
14 3
4 4
3 5
8 6
19 7
t 32
8 0
2 1
1 2
7 3
12 4
13 5
5 6
6 7
t 33
12 0
5 1
10 2
11 3
1 4
2 5
7 6
6 7
t 34
9 0
19 1
13 2
18 3
4 4
3 5
8 6
14 7
t 35
3 0
1 1
6 2
2 3
8 4
4 5
12 6
7 7
t 36
9 0
18 1
14 2
19 3
7 4
1 5
8 6
13 7
t 37
3 0
11 1
6 2
10 3
0 4
1 5
2 6
5 7
t 38
0 0
7 1
2 2
1 3
8 4
3 5
5 6
6 7
t 39
12 0
6 1
5 2
11 3
1 4
0 5
3 6
10 7
t 40
9 0
19 1
14 2
18 3
7 4
1 5
8 6
13 7
t 41
3 0
1 1
7 2
2 3
5 4
8 5
10 6
6 7
t 42
9 0
14 1
18 2
19 3
7 4
1 5
8 6
13 7
t 43
15 0
12 1
16 2
17 3
7 4
1 5
5 6
11 7
t 44
1 0
13 1
8 2
7 3
2 4
3 5
11 6
12 7
t 45
7 0
18 1
19 2
13 3
9 4
4 5
8 6
14 7
t 46
9 0
13 1
18 2
19 3
7 4
1 5
4 6
14 7
t 47
3 0
7 1
12 2
8 3
4 4
9 5
14 6
13 7
t 48
12 0
6 1
10 2
11 3
1 4
0 5
2 6
5 7
t 49
0 0
11 1
6 2
5 3
12 4
1 5
3 6
10 7
t 50
14 0
8 1
12 2
13 3
3 4
1 5
2 6
7 7
t 51
15 0
11 1
16 2
17 3
7 4
1 5
8 6
12 7
t 52
1 0
12 1
8 2
7 3
2 4
3 5
14 6
13 7
t 53
1 0
5 1
10 2
6 3
2 4
7 5
12 6
11 7
t 54
15 0
16 1
12 2
17 3
5 4
0 5
6 6
11 7
t 55
15 0
17 1
11 2
16 3
7 4
1 5
8 6
12 7
t 56
11 0
13 1
8 2
12 3
1 4
3 5
2 6
7 7
t 57
9 0
13 1
18 2
14 3
7 4
1 5
4 6
19 7
t 58
8 0
6 1
1 2
7 3
12 4
13 5
3 6
2 7
t 59
3 0
6 1
5 2
10 3
1 4
0 5
12 6
11 7
t 60
0 0
7 1
6 2
1 3
8 4
3 5
4 6
2 7
t 61
1 0
11 1
5 2
6 3
2 4
7 5
3 6
10 7
t 62
5 0
16 1
17 2
11 3
15 4
10 5
7 6
12 7
t 63
9 0
19 1
18 2
14 3
7 4
1 5
8 6
13 7
t 64
0 0
6 1
2 2
1 3
8 4
3 5
12 6
7 7
t 65
7 0
17 1
11 2
12 3
15 4
10 5
1 6
16 7
t 66
9 0
13 1
14 2
18 3
7 4
1 5
4 6
19 7
t 67
5 0
7 1
2 2
6 3
8 4
3 5
0 6
1 7
t 68
15 0
12 1
11 2
17 3
7 4
1 5
2 6
16 7
t 69
5 0
17 1
12 2
11 3
15 4
10 5
0 6
16 7
t 70
5 0
1 1
7 2
6 3
10 4
8 5
3 6
2 7
t 71
0 0
2 1
6 2
1 3
8 4
3 5
12 6
7 7
t 72
1 0
13 1
12 2
7 3
3 4
4 5
9 6
8 7
t 73
0 0
10 1
11 2
5 3
1 4
2 5
7 6
6 7
t 74
3 0
11 1
5 2
10 3
1 4
2 5
7 6
6 7
t 75
12 0
5 1
6 2
11 3
0 4
1 5
3 6
10 7
t 76
5 0
12 1
17 2
11 3
15 4
10 5
0 6
16 7
t 77
11 0
7 1
13 2
12 3
3 4
4 5
9 6
8 7
t 78
3 0
5 1
6 2
10 3
0 4
1 5
12 6
11 7
t 79
1 0
10 1
5 2
6 3
2 4
7 5
12 6
11 7
t 80
9 0
18 1
13 2
19 3
4 4
3 5
8 6
14 7
t 81
5 0
2 1
7 2
6 3
10 4
8 5
0 6
1 7
t 82
1 0
11 1
10 2
6 3
2 4
7 5
0 6
5 7
t 83
7 0
11 1
17 2
12 3
15 4
10 5
1 6
16 7
t 84
3 0
6 1
11 2
10 3
1 4
0 5
2 6
5 7
t 85
15 0
11 1
17 2
16 3
7 4
1 5
8 6
12 7
t 86
3 0
12 1
13 2
8 3
4 4
9 5
1 6
7 7
t 87
5 0
1 1
2 2
6 3
8 4
3 5
12 6
7 7
t 88
1 0
8 1
12 2
7 3
3 4
2 5
14 6
13 7
t 89
12 0
10 1
6 2
11 3
0 4
1 5
2 6
5 7
t 90
3 0
7 1
6 2
2 3
8 4
4 5
0 6
1 7
t 91
15 0
11 1
12 2
17 3
5 4
0 5
6 6
16 7
t 92
0 0
2 1
7 2
1 3
5 4
8 5
10 6
6 7
t 93
8 0
6 1
2 2
7 3
12 4
13 5
0 6
1 7
t 94
7 0
17 1
16 2
12 3
8 4
3 5
5 6
11 7
t 95
9 0
13 1
19 2
18 3
7 4
1 5
4 6
14 7
t 96
12 0
10 1
5 2
11 3
1 4
2 5
7 6
6 7
t 97
9 0
14 1
13 2
18 3
4 4
3 5
8 6
19 7
t 98
11 0
8 1
7 2
12 3
3 4
1 5
14 6
13 7
t 99
3 0
13 1
12 2
8 3
4 4
9 5
1 6
7 7
t 100
1 0
8 1
13 2
7 3
3 4
2 5
11 6
12 7
t 101
11 0
7 1
8 2
12 3
1 4
3 5
14 6
13 7
t 102
0 0
6 1
11 2
5 3
1 4
12 5
3 6
10 7
t 103
9 0
14 1
19 2
18 3
7 4
1 5
8 6
13 7
t 104
3 0
6 1
7 2
2 3
5 4
8 5
0 6
1 7
t 105
14 0
12 1
7 2
13 3
3 4
4 5
9 6
8 7
t 106
3 0
6 1
1 2
2 3
8 4
4 5
12 6
7 7
t 107
15 0
12 1
17 2
16 3
7 4
1 5
5 6
11 7
t # -1