t 0
12 0
3 1
11 2
10 3
5 4
1 5
6 6
t 1
15 0
5 1
16 2
11 3
12 4
7 5
17 6
t 2
3 0
11 1
8 2
12 3
7 4
1 5
13 6
t 3
7 0
1 1
13 2
19 3
14 4
9 5
18 6
t 4
1 0
2 1
13 2
7 3
12 4
3 5
8 6
t 5
9 0
4 1
19 2
14 3
18 4
7 5
13 6
t 6
15 0
10 1
16 2
17 3
12 4
7 5
11 6
t 7
7 0
8 1
11 2
12 3
16 4
15 5
17 6
t 8
7 0
8 1
18 2
13 3
19 4
9 5
14 6
t 9
9 0
4 1
14 2
18 3
19 4
7 5
13 6
t 10
14 0
18 1
12 2
13 3
7 4
3 5
8 6
t 11
0 0
3 1
5 2
10 3
11 4
1 5
6 6
t 12
7 0
8 1
17 2
12 3
11 4
15 5
16 6
t 13
8 0
3 1
7 2
2 3
1 4
5 5
6 6
t 14
1 0
11 1
7 2
12 3
8 4
3 5
13 6
t 15
12 0
3 1
11 2
10 3
6 4
1 5
5 6
t 16
9 0
4 1
18 2
14 3
19 4
7 5
13 6
t 17
9 0
4 1
14 2
19 3
13 4
7 5
18 6
t 18
8 0
12 1
1 2
7 3
6 4
5 5
2 6
t 19
8 0
12 1
6 2
7 3
2 4
3 5
1 6
t 20
15 0
10 1
16 2
17 3
11 4
7 5
12 6
t 21
7 0
8 1
11 2
12 3
17 4
15 5
16 6
t 22
0 0
1 1
11 2
5 3
6 4
2 5
10 6
t 23
3 0
14 1
8 2
13 3
7 4
1 5
12 6
t 24
3 0
8 1
1 2
2 3
7 4
12 5
6 6
t 25
7 0
1 1
13 2
18 3
14 4
9 5
19 6
t 26
14 0
18 1
12 2
13 3
8 4
3 5
7 6
t 27
5 0
0 1
11 2
17 3
16 4
15 5
12 6
t 28
3 0
4 1
13 2
8 3
7 4
1 5
12 6
t 29
9 0
4 1
14 2
19 3
18 4
7 5
13 6
t 30
0 0
1 1
10 2
5 3
6 4
2 5
11 6
t 31
3 0
11 1
8 2
12 3
13 4
1 5
7 6
t 32
1 0
2 1
11 2
6 3
5 4
0 5
10 6
t 33
15 0
10 1
11 2
16 3
12 4
7 5
17 6
t 34
9 0
4 1
18 2
19 3
13 4
7 5
14 6
t 35
0 0
12 1
5 2
11 3
6 4
1 5
10 6
t 36
5 0
6 1
17 2
11 3
12 4
15 5
16 6
t 37
8 0
0 1
7 2
1 3
6 4
5 5
2 6
t 38
8 0
12 1
6 2
7 3
1 4
3 5
2 6
t 39
3 0
1 1
8 2
7 3
13 4
14 5
12 6
t 40
8 0
12 1
2 2
7 3
6 4
5 5
1 6
t 41
7 0
1 1
12 2
17 3
11 4
15 5
16 6
t 42
5 0
3 1
6 2
2 3
7 4
8 5
1 6
t 43
9 0
7 1
14 2
13 3
18 4
4 5
19 6
t 44
7 0
1 1
13 2
18 3
19 4
9 5
14 6
t 45
15 0
10 1
17 2
16 3
11 4
7 5
12 6
t 46
3 0
4 1
13 2
8 3
12 4
1 5
7 6
t 47
1 0
14 1
7 2
13 3
8 4
3 5
12 6
t 48
15 0
10 1
12 2
16 3
11 4
5 5
17 6
t 49
9 0
4 1
18 2
14 3
13 4
7 5
19 6
t 50
3 0
4 1
12 2
8 3
7 4
1 5
13 6
t 51
1 0
3 1
6 2
10 3
5 4
0 5
11 6
t 52
12 0
16 1
10 2
11 3
6 4
1 5
5 6
t 53
3 0
1 1
8 2
7 3
12 4
14 5
13 6
t 54
3 0
0 1
2 2
1 3
6 4
8 5
7 6
t 55
1 0
2 1
12 2
7 3
13 4
3 5
8 6
t 56
9 0
7 1
14 2
13 3
19 4
4 5
18 6
t 57
0 0
3 1
5 2
10 3
6 4
1 5
11 6
t 58
7 0
8 1
19 2
13 3
18 4
9 5
14 6
t 59
5 0
10 1
1 2
6 3
7 4
8 5
2 6
t 60
8 0
3 1
7 2
2 3
6 4
5 5
1 6
t 61
1 0
11 1
7 2
12 3
13 4
3 5
8 6
t 62
9 0
4 1
13 2
14 3
19 4
8 5
18 6
t 63
5 0
10 1
2 2
6 3
7 4
8 5
1 6
t 64
5 0
0 1
6 2
1 3
7 4
8 5
2 6
t 65
12 0
16 1
10 2
11 3
5 4
1 5
6 6
t 66
7 0
1 1
13 2
19 3
18 4
9 5
14 6
t 67
7 0
5 1
12 2
11 3
17 4
15 5
16 6
t 68
1 0
2 1
13 2
7 3
8 4
3 5
12 6
t 69
1 0
12 1
6 2
11 3
5 4
0 5
10 6
t 70
3 0
0 1
2 2
1 3
7 4
8 5
6 6
t 71
15 0
7 1
16 2
12 3
17 4
5 5
11 6
t 72
3 0
14 1
8 2
13 3
12 4
1 5
7 6
t 73
5 0
3 1
6 2
2 3
1 4
8 5
7 6
t 74
14 0
11 1
13 2
12 3
8 4
3 5
7 6
t 75
5 0
10 1
1 2
6 3
2 4
8 5
7 6
t 76
15 0
10 1
12 2
16 3
17 4
5 5
11 6
t 77
0 0
1 1
10 2
5 3
11 4
2 5
6 6
t 78
3 0
4 1
12 2
8 3
13 4
1 5
7 6
t 79
1 0
3 1
6 2
10 3
11 4
0 5
5 6
t 80
9 0
4 1
18 2
19 3
14 4
7 5
13 6
t 81
8 0
12 1
1 2
7 3
2 4
5 5
6 6
t 82
9 0
4 1
19 2
14 3
13 4
7 5
18 6
t 83
1 0
2 1
5 2
6 3
10 4
12 5
11 6
t 84
8 0
12 1
2 2
7 3
1 4
5 5
6 6
t 85
7 0
8 1
18 2
13 3
14 4
9 5
19 6
t 86
1 0
2 1
10 2
6 3
5 4
0 5
11 6
t 87
0 0
1 1
11 2
5 3
10 4
2 5
6 6
t 88
1 0
0 1
6 2
5 3
11 4
12 5
10 6
t 89
15 0
10 1
17 2
16 3
12 4
7 5
11 6
t 90
5 0
0 1
11 2
17 3
12 4
15 5
16 6
t 91
5 0
10 1
2 2
6 3
1 4
8 5
7 6
t 92
8 0
5 1
7 2
6 3
2 4
3 5
1 6
t 93
3 0
4 1
7 2
8 3
13 4
14 5
12 6
t 94
0 0
12 1
5 2
11 3
10 4
1 5
6 6
t 95
5 0
6 1
17 2
11 3
16 4
15 5
12 6
t 96
9 0
4 1
19 2
18 3
14 4
7 5
13 6
t 97
8 0
0 1
7 2
1 3
2 4
5 5
6 6
t 98
1 0
2 1
5 2
6 3
11 4
12 5
10 6
t 99
9 0
4 1
14 2
18 3
13 4
7 5
19 6
t 100
1 0
2 1
12 2
7 3
8 4
3 5
13 6
t 101
15 0
7 1
16 2
12 3
11 4
5 5
17 6
t 102
3 0
8 1
1 2
2 3
6 4
12 5
7 6
t 103
1 0
0 1
6 2
5 3
10 4
12 5
11 6
t 104
1 0
14 1
7 2
13 3
12 4
3 5
8 6
t 105
9 0
4 1
13 2
14 3
18 4
8 5
19 6
t 106
8 0
5 1
7 2
6 3
1 4
3 5
2 6
t 107
15 0
5 1
16 2
11 3
17 4
7 5
12 6
t 108
5 0
0 1
6 2
1 3
2 4
8 5
7 6
t 109
1 0
2 1
11 2
6 3
10 4
0 5
5 6
t 110
15 0
10 1
11 2
16 3
17 4
7 5
12 6
t 111
7 0
5 1
12 2
11 3
16 4
15 5
17 6
t 112
3 0
4 1
7 2
8 3
12 4
14 5
13 6
t 113
9 0
4 1
19 2
18 3
13 4
7 5
14 6
t 114
1 0
12 1
6 2
11 3
10 4
0 5
5 6
t 115
1 0
2 1
10 2
6 3
11 4
0 5
5 6
t 116
7 0
1 1
12 2
17 3
16 4
15 5
11 6
t 117
14 0
11 1
13 2
12 3
7 4
3 5
8 6
t 118
7 0
8 1
19 2
13 3
14 4
9 5
18 6
t 119
7 0
8 1
17 2
12 3
16 4
15 5
11 6
t # -1