t 0
2 0
7 1
6 2
1 3
8 4
3 5
4 6
t 1
1 0
7 1
6 2
2 3
8 4
3 5
4 6
t 2
17 0
16 1
12 2
11 3
15 4
10 5
7 6
t 3
2 0
6 1
1 2
7 3
8 4
3 5
4 6
t 4
11 0
16 1
12 2
17 3
15 4
10 5
7 6
t 5
5 0
11 1
6 2
10 3
1 4
2 5
7 6
t 6
11 0
12 1
16 2
17 3
15 4
10 5
7 6
t 7
10 0
6 1
5 2
11 3
1 4
0 5
2 6
t 8
2 0
1 1
7 2
6 3
8 4
3 5
4 6
t 9
13 0
18 1
14 2
19 3
9 4
4 5
8 6
t 10
10 0
11 1
6 2
5 3
1 4
2 5
7 6
t 11
7 0
6 1
1 2
2 3
5 4
0 5
10 6
t 12
6 0
1 1
7 2
2 3
8 4
3 5
4 6
t 13
7 0
13 1
8 2
12 3
3 4
4 5
9 6
t 14
7 0
8 1
12 2
13 3
3 4
2 5
4 6
t 15
13 0
8 1
7 2
12 3
3 4
1 5
4 6
t 16
11 0
10 1
5 2
6 3
1 4
2 5
0 6
t 17
6 0
11 1
10 2
5 3
0 4
3 5
2 6
t 18
13 0
8 1
12 2
7 3
3 4
1 5
4 6
t 19
12 0
8 1
7 2
13 3
3 4
1 5
4 6
t 20
6 0
1 1
2 2
7 3
8 4
3 5
4 6
t 21
5 0
11 1
10 2
6 3
1 4
2 5
3 6
t 22
1 0
2 1
7 2
6 3
8 4
3 5
4 6
t 23
12 0
13 1
8 2
7 3
3 4
4 5
9 6
t 24
11 0
6 1
5 2
10 3
1 4
0 5
2 6
t 25
13 0
12 1
8 2
7 3
3 4
4 5
9 6
t 26
11 0
6 1
10 2
5 3
1 4
0 5
2 6
t 27
6 0
10 1
5 2
11 3
0 4
12 5
7 6
t 28
5 0
10 1
6 2
11 3
1 4
2 5
7 6
t 29
13 0
12 1
7 2
8 3
3 4
4 5
1 6
t 30
17 0
11 1
16 2
12 3
15 4
10 5
5 6
t 31
1 0
6 1
7 2
2 3
8 4
3 5
4 6
t 32
6 0
7 1
1 2
2 3
8 4
3 5
4 6
t 33
11 0
17 1
12 2
16 3
15 4
10 5
7 6
t 34
12 0
16 1
17 2
11 3
15 4
10 5
3 6
t 35
19 0
13 1
14 2
18 3
9 4
4 5
8 6
t 36
18 0
13 1
14 2
19 3
9 4
4 5
8 6
t 37
11 0
16 1
17 2
12 3
15 4
10 5
3 6
t 38
16 0
12 1
11 2
17 3
7 4
1 5
2 6
t 39
1 0
7 1
2 2
6 3
8 4
3 5
4 6
t 40
18 0
14 1
19 2
13 3
9 4
4 5
8 6
t 41
14 0
19 1
13 2
18 3
7 4
1 5
2 6
t 42
14 0
13 1
18 2
19 3
7 4
1 5
2 6
t 43
12 0
7 1
13 2
8 3
3 4
4 5
1 6
t 44
7 0
2 1
1 2
6 3
5 4
10 5
0 6
t 45
6 0
2 1
1 2
7 3
8 4
3 5
4 6
t 46
6 0
5 1
11 2
10 3
0 4
12 5
7 6
t 47
17 0
16 1
11 2
12 3
15 4
10 5
5 6
t 48
13 0
14 1
18 2
19 3
9 4
4 5
8 6
t 49
7 0
2 1
6 2
1 3
5 4
10 5
11 6
t 50
19 0
18 1
14 2
13 3
9 4
4 5
8 6
t 51
7 0
1 1
6 2
2 3
5 4
10 5
11 6
t 52
17 0
12 1
11 2
16 3
15 4
10 5
7 6
t 53
18 0
19 1
14 2
13 3
9 4
4 5
8 6
t 54
16 0
17 1
11 2
12 3
7 4
1 5
2 6
t 55
5 0
6 1
11 2
10 3
1 4
12 5
2 6
t 56
2 0
6 1
7 2
1 3
8 4
3 5
4 6
t 57
17 0
12 1
16 2
11 3
15 4
10 5
7 6
t 58
11 0
5 1
10 2
6 3
1 4
2 5
0 6
t 59
19 0
18 1
13 2
14 3
9 4
4 5
8 6
t 60
14 0
19 1
18 2
13 3
7 4
1 5
2 6
t 61
12 0
13 1
7 2
8 3
3 4
4 5
1 6
t 62
13 0
19 1
18 2
14 3
9 4
4 5
8 6
t 63
7 0
12 1
13 2
8 3
3 4
4 5
9 6
t 64
6 0
5 1
10 2
11 3
0 4
12 5
7 6
t 65
6 0
10 1
11 2
5 3
0 4
12 5
7 6
t 66
8 0
13 1
7 2
12 3
1 4
2 5
6 6
t 67
12 0
7 1
8 2
13 3
3 4
4 5
9 6
t 68
12 0
17 1
16 2
11 3
15 4
10 5
3 6
t 69
7 0
8 1
13 2
12 3
3 4
2 5
4 6
t 70
13 0
7 1
8 2
12 3
3 4
4 5
9 6
t 71
14 0
13 1
19 2
18 3
7 4
1 5
2 6
t 72
5 0
10 1
11 2
6 3
1 4
2 5
3 6
t 73
14 0
18 1
13 2
19 3
7 4
1 5
2 6
t 74
12 0
8 1
13 2
7 3
3 4
1 5
4 6
t 75
18 0
13 1
19 2
14 3
9 4
4 5
8 6
t 76
1 0
6 1
2 2
7 3
8 4
3 5
4 6
t 77
8 0
7 1
12 2
13 3
1 4
14 5
2 6
t 78
17 0
11 1
12 2
16 3
15 4
10 5
7 6
t 79
12 0
11 1
17 2
16 3
15 4
10 5
5 6
t 80
13 0
7 1
12 2
8 3
3 4
4 5
1 6
t 81
16 0
12 1
17 2
11 3
7 4
1 5
2 6
t 82
16 0
11 1
17 2
12 3
7 4
1 5
2 6
t 83
10 0
11 1
5 2
6 3
1 4
2 5
0 6
t 84
8 0
12 1
13 2
7 3
1 4
2 5
3 6
t 85
6 0
11 1
5 2
10 3
0 4
3 5
2 6
t 86
16 0
11 1
12 2
17 3
7 4
1 5
2 6
t 87
11 0
12 1
17 2
16 3
15 4
10 5
7 6
t 88
8 0
13 1
12 2
7 3
1 4
2 5
3 6
t 89
7 0
13 1
12 2
8 3
3 4
4 5
9 6
t 90
12 0
17 1
11 2
16 3
15 4
10 5
5 6
t 91
8 0
12 1
7 2
13 3
1 4
2 5
6 6
t 92
11 0
10 1
6 2
5 3
1 4
2 5
7 6
t 93
13 0
18 1
19 2
14 3
9 4
4 5
8 6
t 94
18 0
19 1
13 2
14 3
9 4
4 5
8 6
t 95
12 0
11 1
16 2
17 3
15 4
10 5
5 6
t 96
6 0
7 1
2 2
1 3
8 4
3 5
4 6
t 97
5 0
6 1
10 2
11 3
1 4
12 5
2 6
t 98
7 0
1 1
2 2
6 3
5 4
10 5
0 6
t 99
13 0
14 1
19 2
18 3
9 4
4 5
8 6
t 100
8 0
7 1
13 2
12 3
1 4
14 5
2 6
t 101
2 0
7 1
1 2
6 3
8 4
3 5
4 6
t 102
6 0
2 1
7 2
1 3
8 4
3 5
4 6
t 103
7 0
12 1
8 2
13 3
3 4
4 5
9 6
t 104
16 0
17 1
12 2
11 3
7 4
1 5
2 6
t 105
13 0
19 1
14 2
18 3
9 4
4 5
8 6
t 106
19 0
14 1
18 2
13 3
9 4
4 5
8 6
t 107
1 0
2 1
6 2
7 3
8 4
3 5
4 6
t 108
11 0
5 1
6 2
10 3
1 4
2 5
7 6
t 109
19 0
14 1
13 2
18 3
9 4
4 5
8 6
t 110
18 0
14 1
13 2
19 3
9 4
4 5
8 6
t 111
19 0
13 1
18 2
14 3
9 4
4 5
8 6
t 112
11 0
17 1
16 2
12 3
15 4
10 5
3 6
t 113
14 0
18 1
19 2
13 3
7 4
1 5
2 6
t 114
10 0
6 1
11 2
5 3
1 4
0 5
2 6
t 115
7 0
6 1
2 2
1 3
5 4
0 5
10 6
t 116
10 0
5 1
6 2
11 3
1 4
2 5
7 6
t 117
12 0
16 1
11 2
17 3
15 4
10 5
5 6
t 118
10 0
5 1
11 2
6 3
1 4
2 5
0 6
t 119
2 0
1 1
6 2
7 3
8 4
3 5
4 6
t # -1