t 0
8 0
13 1
7 2
t 1
2 0
1 1
6 2
t 2
8 0
13 1
12 2
t 3
2 0
1 1
7 2
t 4
13 0
7 1
8 2
t 5
13 0
7 1
12 2
t 6
6 0
10 1
5 2
t 7
7 0
12 1
8 2
t 8
3 0
4 1
8 2
t 9
6 0
10 1
11 2
t 10
7 0
12 1
13 2
t 11
13 0
8 1
7 2
t 12
17 0
16 1
11 2
t 13
17 0
16 1
12 2
t 14
13 0
8 1
12 2
t 15
6 0
11 1
5 2
t 16
7 0
13 1
8 2
t 17
6 0
11 1
10 2
t 18
7 0
13 1
12 2
t 19
11 0
5 1
6 2
t 20
18 0
19 1
13 2
t 21
12 0
7 1
8 2
t 22
18 0
19 1
14 2
t 23
11 0
5 1
10 2
t 24
12 0
7 1
13 2
t 25
4 0
8 1
3 2
t 26
5 0
10 1
6 2
t 27
1 0
2 1
6 2
t 28
4 0
8 1
9 2
t 29
1 0
2 1
7 2
t 30
5 0
10 1
11 2
t 31
11 0
6 1
5 2
t 32
12 0
8 1
7 2
t 33
11 0
6 1
10 2
t 34
12 0
8 1
13 2
t 35
5 0
11 1
6 2
t 36
4 0
9 1
8 2
t 37
5 0
11 1
10 2
t 38
16 0
17 1
11 2
t 39
10 0
5 1
6 2
t 40
16 0
17 1
12 2
t 41
10 0
5 1
11 2
t 42
14 0
13 1
18 2
t 43
14 0
13 1
19 2
t 44
2 0
6 1
1 2
t 45
3 0
8 1
4 2
t 46
2 0
6 1
7 2
t 47
13 0
12 1
7 2
t 48
10 0
6 1
5 2
t 49
13 0
12 1
8 2
t 50
9 0
4 1
8 2
t 51
10 0
6 1
11 2
t 52
2 0
7 1
1 2
t 53
2 0
7 1
6 2
t 54
7 0
1 1
2 2
t 55
8 0
3 1
4 2
t 56
7 0
1 1
6 2
t 57
12 0
11 1
16 2
t 58
12 0
11 1
17 2
t 59
1 0
6 1
2 2
t 60
1 0
6 1
7 2
t 61
7 0
2 1
1 2
t 62
11 0
10 1
5 2
t 63
8 0
4 1
3 2
t 64
11 0
10 1
6 2
t 65
7 0
2 1
6 2
t 66
8 0
4 1
9 2
t 67
13 0
14 1
18 2
t 68
13 0
14 1
19 2
t 69
1 0
7 1
2 2
t 70
1 0
7 1
6 2
t 71
12 0
13 1
7 2
t 72
6 0
1 1
2 2
t 73
12 0
13 1
8 2
t 74
6 0
1 1
7 2
t 75
6 0
2 1
1 2
t 76
9 0
8 1
4 2
t 77
14 0
18 1
13 2
t 78
6 0
2 1
7 2
t 79
11 0
12 1
16 2
t 80
14 0
18 1
19 2
t 81
11 0
12 1
17 2
t 82
10 0
11 1
5 2
t 83
10 0
11 1
6 2
t 84
14 0
19 1
13 2
t 85
8 0
7 1
12 2
t 86
14 0
19 1
18 2
t 87
8 0
7 1
13 2
t 88
19 0
13 1
14 2
t 89
19 0
13 1
18 2
t 90
7 0
6 1
1 2
t 91
7 0
6 1
2 2
t 92
12 0
16 1
11 2
t 93
13 0
18 1
14 2
t 94
12 0
16 1
17 2
t 95
13 0
18 1
19 2
t 96
19 0
14 1
13 2
t 97
19 0
14 1
18 2
t 98
8 0
9 1
4 2
t 99
12 0
17 1
11 2
t 100
13 0
19 1
14 2
t 101
6 0
5 1
10 2
t 102
12 0
17 1
16 2
t 103
6 0
5 1
11 2
t 104
13 0
19 1
18 2
t 105
17 0
11 1
12 2
t 106
18 0
13 1
14 2
t 107
17 0
11 1
16 2
t 108
18 0
13 1
19 2
t 109
11 0
16 1
12 2
t 110
7 0
8 1
12 2
t 111
7 0
8 1
13 2
t 112
11 0
16 1
17 2
t 113
17 0
12 1
11 2
t 114
18 0
14 1
13 2
t 115
17 0
12 1
16 2
t 116
18 0
14 1
19 2
t 117
6 0
7 1
1 2
t 118
6 0
7 1
2 2
t 119
11 0
17 1
12 2
t 120
4 0
3 1
8 2
t 121
11 0
17 1
16 2
t 122
16 0
11 1
12 2
t 123
16 0
11 1
17 2
t 124
8 0
12 1
7 2
t 125
5 0
6 1
10 2
t 126
8 0
12 1
13 2
t 127
5 0
6 1
11 2
t 128
19 0
18 1
13 2
t 129
16 0
12 1
11 2
t 130
19 0
18 1
14 2
t 131
16 0
12 1
17 2
t # -1