t 0
12 0
15 1
17 2
11 3
16 4
5 5
t 1
13 0
3 1
7 2
12 3
8 4
11 5
t 2
7 0
1 1
12 2
8 3
13 4
3 5
t 3
11 0
0 1
6 2
10 3
5 4
3 5
t 4
8 0
3 1
7 2
12 3
13 4
11 5
t 5
19 0
9 1
18 2
13 3
14 4
7 5
t 6
14 0
9 1
18 2
13 3
19 4
7 5
t 7
11 0
5 1
12 2
16 3
17 4
15 5
t 8
14 0
9 1
18 2
19 3
13 4
4 5
t 9
6 0
5 1
1 2
7 3
2 4
8 5
t 10
18 0
9 1
13 2
19 3
14 4
4 5
t 11
11 0
12 1
6 2
5 3
10 4
0 5
t 12
2 0
3 1
6 2
7 3
1 4
8 5
t 13
16 0
15 1
12 2
17 3
11 4
10 5
t 14
10 0
1 1
11 2
5 3
6 4
0 5
t 15
12 0
7 1
16 2
11 3
17 4
5 5
t 16
13 0
1 1
8 2
12 3
7 4
11 5
t 17
11 0
15 1
12 2
17 3
16 4
10 5
t 18
18 0
9 1
14 2
13 3
19 4
7 5
t 19
7 0
8 1
6 2
2 3
1 4
3 5
t 20
10 0
12 1
5 2
6 3
11 4
1 5
t 21
6 0
5 1
2 2
7 3
1 4
8 5
t 22
13 0
7 1
14 2
19 3
18 4
1 5
t 23
13 0
14 1
8 2
7 3
12 4
1 5
t 24
19 0
7 1
18 2
14 3
13 4
9 5
t 25
1 0
5 1
2 2
7 3
6 4
8 5
t 26
12 0
7 1
16 2
17 3
11 4
1 5
t 27
18 0
7 1
14 2
19 3
13 4
1 5
t 28
5 0
1 1
11 2
10 3
6 4
3 5
t 29
16 0
15 1
12 2
11 3
17 4
5 5
t 30
14 0
9 1
19 2
18 3
13 4
4 5
t 31
16 0
15 1
11 2
17 3
12 4
10 5
t 32
13 0
14 1
7 2
8 3
12 4
3 5
t 33
1 0
8 1
2 2
6 3
7 4
5 5
t 34
7 0
8 1
1 2
2 3
6 4
3 5
t 35
11 0
5 1
16 2
12 3
17 4
7 5
t 36
6 0
1 1
5 2
11 3
10 4
12 5
t 37
12 0
14 1
8 2
7 3
13 4
1 5
t 38
17 0
7 1
16 2
11 3
12 4
5 5
t 39
6 0
1 1
5 2
10 3
11 4
3 5
t 40
6 0
8 1
1 2
2 3
7 4
3 5
t 41
7 0
1 1
13 2
8 3
12 4
3 5
t 42
19 0
7 1
14 2
18 3
13 4
1 5
t 43
13 0
9 1
19 2
18 3
14 4
4 5
t 44
16 0
15 1
11 2
12 3
17 4
7 5
t 45
5 0
0 1
6 2
11 3
10 4
12 5
t 46
14 0
9 1
19 2
13 3
18 4
7 5
t 47
17 0
15 1
11 2
12 3
16 4
7 5
t 48
12 0
1 1
8 2
13 3
7 4
14 5
t 49
6 0
5 1
7 2
1 3
2 4
0 5
t 50
10 0
0 1
11 2
6 3
5 4
1 5
t 51
11 0
0 1
10 2
6 3
5 4
1 5
t 52
7 0
8 1
6 2
1 3
2 4
0 5
t 53
7 0
3 1
12 2
13 3
8 4
14 5
t 54
10 0
12 1
6 2
5 3
11 4
0 5
t 55
14 0
9 1
13 2
18 3
19 4
4 5
t 56
19 0
9 1
13 2
18 3
14 4
4 5
t 57
19 0
9 1
14 2
13 3
18 4
7 5
t 58
7 0
8 1
1 2
6 3
2 4
5 5
t 59
17 0
5 1
12 2
16 3
11 4
15 5
t 60
2 0
8 1
1 2
6 3
7 4
5 5
t 61
1 0
8 1
6 2
2 3
7 4
3 5
t 62
12 0
3 1
7 2
13 3
8 4
14 5
t 63
6 0
1 1
10 2
5 3
11 4
0 5
t 64
16 0
15 1
17 2
11 3
12 4
5 5
t 65
5 0
0 1
6 2
10 3
11 4
3 5
t 66
8 0
3 1
12 2
13 3
7 4
14 5
t 67
13 0
7 1
18 2
14 3
19 4
9 5
t 68
7 0
3 1
13 2
12 3
8 4
11 5
t 69
17 0
15 1
12 2
11 3
16 4
5 5
t 70
6 0
5 1
7 2
2 3
1 4
3 5
t 71
11 0
1 1
10 2
5 3
6 4
0 5
t 72
6 0
1 1
11 2
10 3
5 4
3 5
t 73
11 0
7 1
16 2
17 3
12 4
1 5
t 74
12 0
7 1
11 2
16 3
17 4
15 5
t 75
12 0
14 1
7 2
8 3
13 4
3 5
t 76
16 0
15 1
17 2
12 3
11 4
7 5
t 77
11 0
12 1
5 2
6 3
10 4
1 5
t 78
17 0
7 1
11 2
16 3
12 4
15 5
t 79
11 0
15 1
17 2
12 3
16 4
7 5
t 80
1 0
5 1
7 2
2 3
6 4
3 5
t 81
17 0
5 1
16 2
12 3
11 4
7 5
t 82
14 0
9 1
13 2
19 3
18 4
4 5
t 83
8 0
3 1
12 2
7 3
13 4
1 5
t 84
13 0
9 1
18 2
19 3
14 4
4 5
t 85
18 0
7 1
19 2
14 3
13 4
9 5
t 86
13 0
3 1
12 2
7 3
8 4
1 5
t 87
6 0
1 1
11 2
5 3
10 4
0 5
t 88
12 0
3 1
13 2
7 3
8 4
1 5
t 89
1 0
3 1
6 2
7 3
2 4
8 5
t 90
13 0
7 1
19 2
14 3
18 4
9 5
t 91
2 0
5 1
1 2
7 3
6 4
8 5
t 92
7 0
1 1
8 2
12 3
13 4
11 5
t 93
8 0
3 1
13 2
12 3
7 4
11 5
t 94
13 0
7 1
14 2
18 3
19 4
1 5
t 95
18 0
9 1
19 2
13 3
14 4
7 5
t 96
2 0
3 1
7 2
6 3
1 4
5 5
t 97
10 0
1 1
5 2
11 3
6 4
12 5
t 98
6 0
8 1
2 2
1 3
7 4
0 5
t 99
8 0
3 1
13 2
7 3
12 4
1 5
t 100
5 0
0 1
10 2
6 3
11 4
1 5
t 101
2 0
5 1
7 2
1 3
6 4
0 5
t 102
19 0
9 1
13 2
14 3
18 4
4 5
t 103
12 0
15 1
11 2
17 3
16 4
10 5
t 104
13 0
1 1
12 2
8 3
7 4
3 5
t 105
11 0
1 1
5 2
10 3
6 4
3 5
t 106
12 0
1 1
13 2
8 3
7 4
3 5
t 107
7 0
8 1
2 2
6 3
1 4
5 5
t 108
1 0
3 1
7 2
6 3
2 4
5 5
t 109
5 0
1 1
10 2
11 3
6 4
12 5
t 110
12 0
7 1
17 2
16 3
11 4
15 5
t 111
10 0
0 1
6 2
11 3
5 4
12 5
t 112
11 0
7 1
17 2
16 3
12 4
15 5
t 113
6 0
1 1
10 2
11 3
5 4
12 5
t 114
5 0
0 1
11 2
6 3
10 4
1 5
t 115
18 0
9 1
13 2
14 3
19 4
4 5
t 116
8 0
3 1
7 2
13 3
12 4
14 5
t 117
2 0
8 1
6 2
1 3
7 4
0 5
t 118
7 0
8 1
2 2
1 3
6 4
0 5
t 119
7 0
1 1
8 2
13 3
12 4
14 5
t # -1