t 0
11 0
6 1
16 2
7 3
5 4
t 1
11 0
6 1
16 2
7 3
10 4
t 2
6 0
2 1
5 2
7 3
1 4
t 3
5 0
6 1
11 2
2 3
10 4
t 4
6 0
11 1
7 2
17 3
10 4
t 5
7 0
8 1
13 2
9 3
12 4
t 6
6 0
11 1
7 2
17 3
5 4
t 7
5 0
6 1
11 2
1 3
10 4
t 8
12 0
7 1
13 2
2 3
8 4
t 9
14 0
13 1
19 2
7 3
18 4
t 10
7 0
1 1
13 2
0 3
6 4
t 11
11 0
5 1
17 2
10 3
6 4
t 12
8 0
7 1
4 2
1 3
12 4
t 13
11 0
6 1
16 2
5 3
10 4
t 14
7 0
1 1
13 2
0 3
2 4
t 15
13 0
8 1
14 2
4 3
12 4
t 16
12 0
8 1
16 2
4 3
7 4
t 17
8 0
7 1
4 2
1 3
13 4
t 18
12 0
7 1
13 2
1 3
8 4
t 19
13 0
8 1
14 2
4 3
7 4
t 20
12 0
8 1
16 2
4 3
13 4
t 21
14 0
13 1
19 2
8 3
18 4
t 22
13 0
8 1
18 2
12 3
7 4
t 23
12 0
11 1
8 2
10 3
17 4
t 24
12 0
11 1
8 2
10 3
16 4
t 25
13 0
8 1
14 2
3 3
12 4
t 26
2 0
7 1
3 2
1 3
6 4
t 27
12 0
8 1
16 2
3 3
7 4
t 28
13 0
8 1
14 2
3 3
7 4
t 29
12 0
7 1
17 2
8 3
13 4
t 30
12 0
8 1
16 2
3 3
13 4
t 31
6 0
2 1
1 2
3 3
7 4
t 32
12 0
11 1
8 2
17 3
16 4
t 33
7 0
1 1
13 2
2 3
6 4
t 34
10 0
5 1
11 2
0 3
6 4
t 35
11 0
16 1
17 2
15 3
12 4
t 36
9 0
4 1
14 2
3 3
8 4
t 37
8 0
7 1
4 2
2 3
12 4
t 38
8 0
7 1
4 2
2 3
13 4
t 39
12 0
11 1
8 2
16 3
17 4
t 40
12 0
8 1
16 2
9 3
7 4
t 41
12 0
7 1
13 2
6 3
8 4
t 42
12 0
8 1
16 2
9 3
13 4
t 43
13 0
8 1
14 2
9 3
12 4
t 44
13 0
14 1
7 2
9 3
18 4
t 45
13 0
14 1
7 2
9 3
19 4
t 46
13 0
8 1
14 2
9 3
7 4
t 47
11 0
6 1
12 2
1 3
5 4
t 48
11 0
6 1
12 2
1 3
10 4
t 49
12 0
7 1
17 2
13 3
8 4
t 50
10 0
5 1
15 2
6 3
11 4
t 51
11 0
6 1
12 2
2 3
5 4
t 52
11 0
6 1
12 2
2 3
10 4
t 53
8 0
3 1
13 2
2 3
4 4
t 54
12 0
8 1
16 2
7 3
13 4
t 55
13 0
8 1
14 2
7 3
12 4
t 56
11 0
6 1
16 2
10 3
5 4
t 57
11 0
6 1
12 2
7 3
10 4
t 58
6 0
5 1
2 2
0 3
11 4
t 59
11 0
10 1
16 2
3 3
5 4
t 60
6 0
5 1
2 2
0 3
10 4
t 61
11 0
10 1
16 2
3 3
6 4
t 62
7 0
2 1
12 2
1 3
6 4
t 63
7 0
1 1
13 2
6 3
2 4
t 64
11 0
12 1
5 2
7 3
17 4
t 65
11 0
12 1
5 2
7 3
16 4
t 66
11 0
6 1
12 2
7 3
5 4
t 67
8 0
7 1
4 2
6 3
12 4
t 68
8 0
7 1
4 2
6 3
13 4
t 69
12 0
8 1
16 2
13 3
7 4
t 70
5 0
10 1
6 2
3 3
11 4
t 71
12 0
11 1
17 2
6 3
16 4
t 72
11 0
12 1
5 2
8 3
17 4
t 73
11 0
12 1
5 2
8 3
16 4
t 74
13 0
12 1
18 2
8 3
7 4
t 75
13 0
8 1
14 2
12 3
7 4
t 76
11 0
6 1
12 2
5 3
10 4
t 77
14 0
18 1
9 2
13 3
19 4
t 78
7 0
2 1
12 2
3 3
6 4
t 79
7 0
2 1
12 2
3 3
1 4
t 80
6 0
1 1
11 2
0 3
2 4
t 81
6 0
1 1
11 2
0 3
7 4
t 82
12 0
11 1
17 2
5 3
16 4
t 83
13 0
12 1
18 2
7 3
8 4
t 84
10 0
5 1
15 2
11 3
6 4
t 85
1 0
7 1
0 2
13 3
2 4
t 86
5 0
10 1
11 2
3 3
6 4
t 87
1 0
7 1
0 2
13 3
6 4
t 88
13 0
14 1
7 2
18 3
19 4
t 89
6 0
1 1
11 2
2 3
7 4
t 90
12 0
16 1
11 2
15 3
17 4
t 91
8 0
4 1
12 2
3 3
9 4
t 92
7 0
2 1
12 2
6 3
1 4
t 93
12 0
11 1
17 2
10 3
16 4
t 94
11 0
10 1
16 2
5 3
6 4
t 95
8 0
7 1
4 2
13 3
12 4
t 96
7 0
12 1
13 2
11 3
8 4
t 97
14 0
13 1
19 2
12 3
18 4
t 98
8 0
3 1
9 2
2 3
4 4
t 99
1 0
7 1
0 2
12 3
2 4
t 100
8 0
3 1
13 2
10 3
4 4
t 101
8 0
7 1
4 2
12 3
13 4
t 102
1 0
7 1
0 2
12 3
6 4
t 103
11 0
6 1
12 2
10 3
5 4
t 104
11 0
10 1
16 2
6 3
5 4
t 105
13 0
12 1
18 2
11 3
8 4
t 106
13 0
12 1
18 2
11 3
7 4
t 107
7 0
6 1
2 2
10 3
1 4
t 108
8 0
13 1
9 2
7 3
12 4
t 109
18 0
13 1
19 2
7 3
14 4
t 110
8 0
7 1
3 2
13 3
12 4
t 111
11 0
12 1
17 2
7 3
16 4
t 112
13 0
7 1
19 2
2 3
12 4
t 113
12 0
8 1
7 2
4 3
13 4
t 114
7 0
6 1
2 2
11 3
1 4
t 115
11 0
12 1
17 2
8 3
16 4
t 116
8 0
7 1
3 2
12 3
13 4
t 117
13 0
7 1
19 2
1 3
12 4
t 118
8 0
3 1
12 2
10 3
4 4
t 119
5 0
11 1
0 2
16 3
6 4
t 120
13 0
7 1
19 2
2 3
8 4
t 121
5 0
11 1
0 2
16 3
10 4
t 122
12 0
8 1
7 2
3 3
13 4
t 123
10 0
11 1
3 2
12 3
5 4
t 124
10 0
11 1
3 2
12 3
6 4
t 125
1 0
2 1
7 2
3 3
6 4
t 126
5 0
11 1
0 2
17 3
6 4
t 127
8 0
7 1
12 2
1 3
13 4
t 128
13 0
7 1
19 2
1 3
8 4
t 129
7 0
1 1
8 2
6 3
2 4
t 130
10 0
5 1
6 2
0 3
11 4
t 131
5 0
11 1
0 2
17 3
10 4
t 132
11 0
16 1
12 2
15 3
17 4
t 133
6 0
1 1
10 2
7 3
2 4
t 134
18 0
13 1
19 2
8 3
14 4
t 135
12 0
8 1
11 2
9 3
7 4
t 136
12 0
7 1
8 2
6 3
13 4
t 137
12 0
8 1
11 2
9 3
13 4
t 138
12 0
11 1
16 2
10 3
17 4
t 139
6 0
5 1
1 2
10 3
11 4
t 140
16 0
12 1
11 2
13 3
17 4
t 141
11 0
5 1
17 2
0 3
6 4
t 142
8 0
13 1
9 2
12 3
7 4
t 143
10 0
6 1
5 2
1 3
11 4
t 144
6 0
11 1
7 2
5 3
10 4
t 145
6 0
5 1
1 2
11 3
10 4
t 146
10 0
11 1
3 2
16 3
5 4
t 147
10 0
11 1
3 2
16 3
6 4
t 148
13 0
7 1
19 2
6 3
12 4
t 149
11 0
5 1
17 2
0 3
10 4
t 150
10 0
6 1
5 2
2 3
11 4
t 151
13 0
7 1
19 2
6 3
8 4
t 152
8 0
7 1
12 2
2 3
13 4
t 153
2 0
7 1
3 2
13 3
6 4
t 154
2 0
7 1
3 2
13 3
1 4
t 155
8 0
13 1
9 2
14 3
7 4
t 156
1 0
6 1
2 2
10 3
7 4
t 157
12 0
8 1
11 2
13 3
7 4
t 158
8 0
4 1
7 2
3 3
9 4
t 159
1 0
6 1
2 2
11 3
7 4
t 160
12 0
7 1
17 2
2 3
13 4
t 161
12 0
11 1
8 2
5 3
16 4
t 162
12 0
11 1
8 2
5 3
17 4
t 163
7 0
12 1
8 2
11 3
13 4
t 164
6 0
5 1
10 2
0 3
11 4
t 165
12 0
7 1
17 2
1 3
13 4
t 166
2 0
7 1
3 2
12 3
6 4
t 167
2 0
7 1
3 2
12 3
1 4
t 168
8 0
13 1
9 2
14 3
12 4
t 169
6 0
11 1
7 2
10 3
5 4
t 170
12 0
7 1
17 2
2 3
8 4
t 171
8 0
7 1
12 2
6 3
13 4
t 172
6 0
2 1
5 2
1 3
7 4
t 173
11 0
12 1
17 2
13 3
16 4
t 174
16 0
11 1
17 2
10 3
12 4
t 175
7 0
8 1
13 2
3 3
12 4
t 176
10 0
11 1
3 2
17 3
6 4
t 177
13 0
8 1
18 2
4 3
12 4
t 178
8 0
13 1
9 2
18 3
7 4
t 179
10 0
11 1
3 2
17 3
5 4
t 180
8 0
13 1
9 2
18 3
12 4
t 181
13 0
8 1
18 2
4 3
7 4
t 182
2 0
1 1
6 2
0 3
7 4
t 183
12 0
7 1
17 2
1 3
8 4
t 184
7 0
8 1
13 2
4 3
12 4
t 185
12 0
8 1
7 2
9 3
13 4
t 186
13 0
8 1
18 2
3 3
12 4
t 187
6 0
11 1
7 2
12 3
10 4
t 188
5 0
6 1
11 2
7 3
10 4
t 189
13 0
7 1
19 2
8 3
12 4
t 190
6 0
11 1
7 2
12 3
5 4
t 191
13 0
8 1
18 2
3 3
7 4
t 192
7 0
12 1
8 2
16 3
13 4
t 193
6 0
1 1
2 2
0 3
7 4
t 194
6 0
2 1
5 2
3 3
7 4
t 195
6 0
2 1
5 2
3 3
1 4
t 196
10 0
5 1
15 2
0 3
11 4
t 197
10 0
5 1
15 2
0 3
6 4
t 198
2 0
7 1
3 2
8 3
1 4
t 199
7 0
12 1
8 2
17 3
13 4
t 200
8 0
4 1
7 2
9 3
3 4
t 201
16 0
11 1
17 2
5 3
12 4
t 202
2 0
7 1
3 2
8 3
6 4
t 203
12 0
7 1
17 2
6 3
8 4
t 204
13 0
8 1
18 2
9 3
12 4
t 205
8 0
13 1
9 2
19 3
12 4
t 206
1 0
6 1
2 2
5 3
7 4
t 207
13 0
8 1
18 2
9 3
7 4
t 208
8 0
13 1
9 2
19 3
7 4
t 209
12 0
7 1
17 2
6 3
13 4
t 210
16 0
11 1
17 2
6 3
12 4
t 211
5 0
10 1
6 2
15 3
11 4
t 212
10 0
6 1
5 2
7 3
11 4
t 213
11 0
5 1
17 2
6 3
10 4
t 214
11 0
6 1
16 2
1 3
5 4
t 215
11 0
6 1
16 2
1 3
10 4
t 216
18 0
13 1
19 2
12 3
14 4
t 217
11 0
6 1
16 2
2 3
5 4
t 218
2 0
7 1
3 2
6 3
1 4
t 219
11 0
6 1
16 2
2 3
10 4
t 220
12 0
11 1
8 2
6 3
17 4
t 221
12 0
11 1
8 2
6 3
16 4
t 222
13 0
8 1
18 2
7 3
12 4
t 223
6 0
11 1
7 2
16 3
10 4
t 224
6 0
11 1
7 2
16 3
5 4
t 225
13 0
7 1
19 2
12 3
8 4
t 226
16 0
12 1
17 2
13 3
11 4
t 227
10 0
6 1
15 2
1 3
5 4
t 228
10 0
6 1
15 2
1 3
11 4
t 229
1 0
6 1
7 2
10 3
2 4
t 230
7 0
6 1
8 2
5 3
1 4
t 231
7 0
6 1
8 2
5 3
2 4
t 232
4 0
3 1
9 2
2 3
8 4
t 233
11 0
6 1
17 2
10 3
5 4
t 234
7 0
13 1
8 2
18 3
12 4
t 235
4 0
8 1
3 2
7 3
9 4
t 236
10 0
6 1
15 2
2 3
5 4
t 237
12 0
8 1
17 2
7 3
13 4
t 238
1 0
6 1
7 2
11 3
2 4
t 239
5 0
11 1
6 2
12 3
10 4
t 240
17 0
11 1
12 2
10 3
16 4
t 241
10 0
6 1
15 2
2 3
11 4
t 242
11 0
6 1
17 2
7 3
5 4
t 243
11 0
12 1
10 2
7 3
16 4
t 244
7 0
13 1
8 2
19 3
12 4
t 245
11 0
12 1
10 2
7 3
17 4
t 246
11 0
6 1
17 2
7 3
10 4
t 247
8 0
12 1
3 2
17 3
13 4
t 248
17 0
12 1
11 2
8 3
16 4
t 249
8 0
12 1
3 2
17 3
7 4
t 250
11 0
12 1
10 2
8 3
17 4
t 251
11 0
12 1
10 2
8 3
16 4
t 252
10 0
5 1
3 2
11 3
6 4
t 253
8 0
12 1
3 2
16 3
13 4
t 254
17 0
12 1
11 2
7 3
16 4
t 255
13 0
7 1
12 2
2 3
8 4
t 256
6 0
10 1
1 2
11 3
5 4
t 257
7 0
12 1
1 2
8 3
13 4
t 258
8 0
12 1
3 2
16 3
7 4
t 259
8 0
7 1
9 2
13 3
12 4
t 260
13 0
12 1
19 2
8 3
7 4
t 261
7 0
6 1
8 2
10 3
1 4
t 262
12 0
8 1
13 2
4 3
7 4
t 263
13 0
7 1
8 2
1 3
12 4
t 264
11 0
12 1
10 2
13 3
17 4
t 265
12 0
13 1
11 2
18 3
7 4
t 266
12 0
13 1
11 2
18 3
8 4
t 267
10 0
6 1
15 2
5 3
11 4
t 268
19 0
14 1
13 2
9 3
18 4
t 269
11 0
12 1
10 2
13 3
16 4
t 270
7 0
12 1
1 2
11 3
13 4
t 271
8 0
7 1
9 2
12 3
13 4
t 272
7 0
6 1
8 2
11 3
1 4
t 273
7 0
12 1
1 2
11 3
8 4
t 274
7 0
6 1
8 2
11 3
2 4
t 275
13 0
12 1
19 2
7 3
8 4
t 276
17 0
11 1
12 2
6 3
16 4
t 277
12 0
8 1
13 2
3 3
7 4
t 278
5 0
11 1
6 2
16 3
10 4
t 279
7 0
6 1
8 2
10 3
2 4
t 280
13 0
14 1
12 2
19 3
18 4
t 281
11 0
5 1
10 2
0 3
6 4
t 282
7 0
2 1
13 2
1 3
6 4
t 283
5 0
11 1
6 2
17 3
10 4
t 284
13 0
14 1
12 2
18 3
19 4
t 285
19 0
13 1
14 2
12 3
18 4
t 286
13 0
14 1
8 2
9 3
19 4
t 287
12 0
13 1
11 2
14 3
7 4
t 288
12 0
13 1
11 2
14 3
8 4
t 289
7 0
12 1
1 2
13 3
8 4
t 290
12 0
8 1
17 2
9 3
7 4
t 291
6 0
10 1
1 2
15 3
11 4
t 292
12 0
8 1
17 2
9 3
13 4
t 293
1 0
6 1
7 2
5 3
2 4
t 294
13 0
7 1
12 2
6 3
8 4
t 295
13 0
14 1
8 2
9 3
18 4
t 296
6 0
10 1
1 2
15 3
5 4
t 297
6 0
5 1
7 2
10 3
11 4
t 298
11 0
10 1
17 2
5 3
6 4
t 299
7 0
2 1
13 2
3 3
6 4
t 300
11 0
12 1
10 2
17 3
16 4
t 301
7 0
8 1
6 2
3 3
13 4
t 302
7 0
8 1
6 2
3 3
12 4
t 303
10 0
6 1
11 2
1 3
5 4
t 304
7 0
2 1
13 2
3 3
1 4
t 305
12 0
13 1
7 2
14 3
8 4
t 306
13 0
12 1
19 2
11 3
8 4
t 307
11 0
10 1
17 2
6 3
5 4
t 308
6 0
7 1
5 2
1 3
2 4
t 309
6 0
5 1
7 2
11 3
10 4
t 310
10 0
6 1
11 2
2 3
5 4
t 311
7 0
8 1
6 2
4 3
13 4
t 312
7 0
8 1
6 2
4 3
12 4
t 313
17 0
12 1
11 2
13 3
16 4
t 314
13 0
12 1
19 2
11 3
7 4
t 315
11 0
10 1
17 2
3 3
6 4
t 316
7 0
12 1
1 2
16 3
13 4
t 317
11 0
10 1
17 2
3 3
5 4
t 318
6 0
7 1
5 2
2 3
1 4
t 319
7 0
12 1
1 2
16 3
8 4
t 320
10 0
6 1
15 2
7 3
11 4
t 321
10 0
6 1
15 2
7 3
5 4
t 322
11 0
12 1
6 2
7 3
16 4
t 323
11 0
12 1
6 2
7 3
17 4
t 324
7 0
12 1
1 2
17 3
13 4
t 325
7 0
12 1
1 2
17 3
8 4
t 326
12 0
8 1
17 2
13 3
7 4
t 327
8 0
4 1
13 2
3 3
9 4
t 328
7 0
2 1
13 2
6 3
1 4
t 329
11 0
12 1
6 2
8 3
17 4
t 330
13 0
7 1
8 2
2 3
12 4
t 331
11 0
12 1
6 2
8 3
16 4
t 332
12 0
13 1
11 2
19 3
7 4
t 333
12 0
13 1
11 2
19 3
8 4
t 334
11 0
12 1
10 2
16 3
17 4
t 335
11 0
12 1
6 2
13 3
16 4
t 336
12 0
13 1
7 2
18 3
8 4
t 337
13 0
12 1
19 2
16 3
8 4
t 338
13 0
12 1
19 2
16 3
7 4
t 339
13 0
8 1
7 2
4 3
12 4
t 340
11 0
12 1
6 2
13 3
17 4
t 341
13 0
14 1
8 2
19 3
18 4
t 342
10 0
11 1
5 2
12 3
6 4
t 343
13 0
8 1
7 2
3 3
12 4
t 344
11 0
5 1
6 2
0 3
10 4
t 345
10 0
6 1
15 2
11 3
5 4
t 346
8 0
9 1
7 2
14 3
4 4
t 347
7 0
8 1
6 2
9 3
13 4
t 348
13 0
14 1
8 2
18 3
19 4
t 349
7 0
8 1
6 2
9 3
12 4
t 350
6 0
2 1
11 2
1 3
7 4
t 351
13 0
18 1
12 2
14 3
19 4
t 352
12 0
8 1
13 2
9 3
7 4
t 353
6 0
7 1
5 2
8 3
1 4
t 354
6 0
7 1
5 2
8 3
2 4
t 355
13 0
7 1
8 2
6 3
12 4
t 356
7 0
2 1
8 2
1 3
6 4
t 357
8 0
7 1
13 2
1 3
12 4
t 358
1 0
7 1
2 2
13 3
6 4
t 359
6 0
2 1
10 2
1 3
7 4
t 360
11 0
10 1
12 2
3 3
5 4
t 361
11 0
10 1
12 2
3 3
6 4
t 362
6 0
1 1
11 2
7 3
2 4
t 363
12 0
16 1
7 2
11 3
17 4
t 364
16 0
17 1
15 2
11 3
12 4
t 365
11 0
12 1
5 2
16 3
17 4
t 366
12 0
11 1
13 2
6 3
16 4
t 367
9 0
8 1
14 2
3 3
4 4
t 368
13 0
12 1
18 2
17 3
8 4
t 369
13 0
12 1
18 2
17 3
7 4
t 370
12 0
11 1
13 2
6 3
17 4
t 371
6 0
2 1
10 2
3 3
1 4
t 372
7 0
12 1
13 2
16 3
8 4
t 373
6 0
1 1
7 2
0 3
2 4
t 374
6 0
5 1
2 2
10 3
11 4
t 375
7 0
2 1
8 2
3 3
1 4
t 376
7 0
8 1
1 2
3 3
13 4
t 377
11 0
12 1
5 2
13 3
17 4
t 378
16 0
17 1
15 2
12 3
11 4
t 379
7 0
8 1
1 2
3 3
12 4
t 380
11 0
12 1
5 2
13 3
16 4
t 381
17 0
11 1
16 2
5 3
12 4
t 382
7 0
2 1
8 2
3 3
6 4
t 383
13 0
12 1
18 2
16 3
7 4
t 384
12 0
11 1
13 2
5 3
17 4
t 385
6 0
2 1
10 2
3 3
7 4
t 386
12 0
11 1
13 2
5 3
16 4
t 387
13 0
12 1
18 2
16 3
8 4
t 388
19 0
13 1
18 2
8 3
14 4
t 389
13 0
12 1
14 2
8 3
7 4
t 390
7 0
12 1
13 2
17 3
8 4
t 391
6 0
5 1
2 2
11 3
10 4
t 392
8 0
4 1
12 2
9 3
3 4
t 393
1 0
7 1
2 2
12 3
6 4
t 394
7 0
8 1
1 2
4 3
13 4
t 395
13 0
14 1
7 2
19 3
18 4
t 396
7 0
8 1
1 2
4 3
12 4
t 397
13 0
12 1
14 2
7 3
8 4
t 398
8 0
7 1
13 2
2 3
12 4
t 399
6 0
10 1
5 2
3 3
11 4
t 400
10 0
5 1
3 2
0 3
6 4
t 401
13 0
8 1
19 2
3 3
12 4
t 402
13 0
8 1
19 2
4 3
12 4
t 403
11 0
10 1
16 2
15 3
5 4
t 404
13 0
18 1
7 2
14 3
19 4
t 405
11 0
10 1
16 2
15 3
6 4
t 406
13 0
8 1
19 2
4 3
7 4
t 407
10 0
5 1
3 2
0 3
11 4
t 408
7 0
6 1
12 2
1 3
2 4
t 409
2 0
1 1
3 2
0 3
6 4
t 410
12 0
16 1
7 2
17 3
11 4
t 411
2 0
1 1
3 2
0 3
7 4
t 412
12 0
16 1
7 2
15 3
17 4
t 413
7 0
13 1
12 2
14 3
8 4
t 414
3 0
4 1
10 2
9 3
8 4
t 415
12 0
11 1
13 2
10 3
16 4
t 416
7 0
6 1
12 2
2 3
1 4
t 417
13 0
8 1
19 2
3 3
7 4
t 418
12 0
11 1
13 2
10 3
17 4
t 419
19 0
13 1
18 2
7 3
14 4
t 420
9 0
8 1
14 2
7 3
4 4
t 421
7 0
2 1
8 2
6 3
1 4
t 422
6 0
2 1
10 2
7 3
1 4
t 423
11 0
12 1
5 2
17 3
16 4
t 424
11 0
10 1
12 2
5 3
6 4
t 425
12 0
16 1
7 2
15 3
11 4
t 426
6 0
5 1
11 2
0 3
10 4
t 427
8 0
3 1
9 2
10 3
4 4
t 428
8 0
12 1
7 2
11 3
13 4
t 429
13 0
12 1
14 2
11 3
8 4
t 430
8 0
7 1
13 2
6 3
12 4
t 431
13 0
12 1
14 2
11 3
7 4
t 432
5 0
10 1
11 2
15 3
6 4
t 433
14 0
18 1
9 2
19 3
13 4
t 434
1 0
7 1
2 2
8 3
6 4
t 435
11 0
10 1
12 2
6 3
5 4
t 436
13 0
18 1
7 2
19 3
14 4
t 437
2 0
6 1
1 2
10 3
7 4
t 438
11 0
6 1
17 2
1 3
5 4
t 439
11 0
6 1
17 2
1 3
10 4
t 440
9 0
8 1
14 2
12 3
4 4
t 441
1 0
7 1
6 2
13 3
2 4
t 442
7 0
6 1
12 2
5 3
1 4
t 443
7 0
6 1
12 2
5 3
2 4
t 444
7 0
8 1
1 2
9 3
13 4
t 445
7 0
8 1
1 2
9 3
12 4
t 446
8 0
7 1
9 2
1 3
12 4
t 447
8 0
7 1
9 2
1 3
13 4
t 448
7 0
13 1
12 2
18 3
8 4
t 449
4 0
3 1
9 2
10 3
8 4
t 450
11 0
6 1
17 2
2 3
5 4
t 451
2 0
6 1
1 2
11 3
7 4
t 452
11 0
6 1
17 2
2 3
10 4
t 453
11 0
16 1
5 2
12 3
17 4
t 454
13 0
8 1
19 2
7 3
12 4
t 455
13 0
12 1
14 2
17 3
8 4
t 456
13 0
12 1
14 2
17 3
7 4
t 457
5 0
11 1
10 2
12 3
6 4
t 458
17 0
11 1
16 2
10 3
12 4
t 459
16 0
12 1
17 2
7 3
11 4
t 460
7 0
13 1
12 2
19 3
8 4
t 461
13 0
12 1
14 2
16 3
7 4
t 462
8 0
12 1
7 2
17 3
13 4
t 463
17 0
11 1
12 2
5 3
16 4
t 464
13 0
12 1
14 2
16 3
8 4
t 465
19 0
13 1
14 2
8 3
18 4
t 466
7 0
8 1
1 2
13 3
12 4
t 467
16 0
12 1
17 2
8 3
11 4
t 468
8 0
12 1
3 2
7 3
13 4
t 469
9 0
8 1
14 2
13 3
4 4
t 470
1 0
7 1
6 2
12 3
2 4
t 471
6 0
10 1
1 2
3 3
5 4
t 472
8 0
12 1
7 2
16 3
13 4
t 473
7 0
8 1
1 2
12 3
13 4
t 474
8 0
7 1
9 2
2 3
12 4
t 475
8 0
7 1
9 2
2 3
13 4
t 476
11 0
6 1
17 2
5 3
10 4
t 477
6 0
10 1
1 2
3 3
11 4
t 478
4 0
8 1
3 2
13 3
9 4
t 479
8 0
12 1
3 2
11 3
7 4
t 480
7 0
6 1
8 2
1 3
2 4
t 481
11 0
10 1
12 2
15 3
5 4
t 482
11 0
16 1
5 2
15 3
17 4
t 483
12 0
8 1
17 2
4 3
7 4
t 484
11 0
10 1
12 2
15 3
6 4
t 485
13 0
7 1
12 2
1 3
8 4
t 486
2 0
1 1
7 2
0 3
6 4
t 487
12 0
8 1
17 2
4 3
13 4
t 488
13 0
8 1
19 2
12 3
7 4
t 489
7 0
13 1
8 2
14 3
12 4
t 490
4 0
8 1
3 2
12 3
9 4
t 491
12 0
13 1
11 2
8 3
7 4
t 492
11 0
16 1
5 2
17 3
12 4
t 493
17 0
11 1
16 2
6 3
12 4
t 494
19 0
13 1
14 2
7 3
18 4
t 495
5 0
11 1
10 2
16 3
6 4
t 496
7 0
6 1
12 2
10 3
1 4
t 497
12 0
8 1
17 2
3 3
7 4
t 498
7 0
6 1
8 2
2 3
1 4
t 499
7 0
6 1
12 2
10 3
2 4
t 500
12 0
8 1
17 2
3 3
13 4
t 501
10 0
5 1
3 2
6 3
11 4
t 502
12 0
13 1
11 2
7 3
8 4
t 503
6 0
10 1
1 2
5 3
11 4
t 504
12 0
11 1
13 2
17 3
16 4
t 505
8 0
12 1
3 2
13 3
7 4
t 506
5 0
11 1
10 2
17 3
6 4
t 507
7 0
6 1
12 2
11 3
1 4
t 508
6 0
5 1
7 2
0 3
11 4
t 509
7 0
6 1
12 2
11 3
2 4
t 510
6 0
5 1
7 2
0 3
10 4
t 511
19 0
13 1
18 2
12 3
14 4
t 512
13 0
14 1
12 2
9 3
18 4
t 513
18 0
14 1
19 2
9 3
13 4
t 514
13 0
14 1
12 2
9 3
19 4
t 515
8 0
7 1
9 2
6 3
12 4
t 516
8 0
12 1
3 2
11 3
13 4
t 517
11 0
16 1
5 2
15 3
12 4
t 518
2 0
6 1
1 2
5 3
7 4
t 519
12 0
11 1
13 2
16 3
17 4
t 520
6 0
10 1
5 2
15 3
11 4
t 521
13 0
8 1
19 2
9 3
12 4
t 522
8 0
7 1
9 2
6 3
13 4
t 523
13 0
8 1
19 2
9 3
7 4
t 524
1 0
7 1
6 2
8 3
2 4
t 525
7 0
12 1
6 2
16 3
13 4
t 526
16 0
11 1
15 2
12 3
17 4
t 527
7 0
12 1
6 2
16 3
8 4
t 528
6 0
7 1
10 2
2 3
1 4
t 529
7 0
2 1
1 2
3 3
6 4
t 530
8 0
12 1
4 2
17 3
13 4
t 531
8 0
13 1
3 2
12 3
7 4
t 532
8 0
12 1
4 2
17 3
7 4
t 533
7 0
12 1
6 2
17 3
13 4
t 534
7 0
12 1
6 2
17 3
8 4
t 535
12 0
16 1
17 2
15 3
11 4
t 536
6 0
11 1
1 2
5 3
10 4
t 537
8 0
13 1
7 2
19 3
12 4
t 538
13 0
12 1
7 2
11 3
8 4
t 539
8 0
12 1
4 2
16 3
13 4
t 540
6 0
10 1
2 2
11 3
5 4
t 541
7 0
12 1
2 2
8 3
13 4
t 542
8 0
12 1
4 2
16 3
7 4
t 543
10 0
6 1
3 2
7 3
5 4
t 544
5 0
6 1
0 2
11 3
10 4
t 545
10 0
6 1
3 2
7 3
11 4
t 546
8 0
13 1
3 2
14 3
12 4
t 547
1 0
2 1
0 2
6 3
7 4
t 548
11 0
10 1
5 2
3 3
6 4
t 549
8 0
13 1
3 2
14 3
7 4
t 550
5 0
6 1
0 2
10 3
11 4
t 551
7 0
12 1
2 2
11 3
13 4
t 552
7 0
12 1
2 2
11 3
8 4
t 553
11 0
17 1
5 2
16 3
12 4
t 554
6 0
11 1
5 2
16 3
10 4
t 555
1 0
2 1
0 2
7 3
6 4
t 556
1 0
2 1
0 2
3 3
7 4
t 557
1 0
2 1
0 2
3 3
6 4
t 558
13 0
12 1
7 2
17 3
8 4
t 559
6 0
11 1
5 2
17 3
10 4
t 560
7 0
13 1
1 2
8 3
12 4
t 561
7 0
12 1
2 2
13 3
8 4
t 562
12 0
16 1
13 2
11 3
17 4
t 563
13 0
12 1
7 2
16 3
8 4
t 564
6 0
10 1
2 2
15 3
11 4
t 565
12 0
7 1
11 2
2 3
8 4
t 566
6 0
11 1
1 2
10 3
5 4
t 567
12 0
7 1
11 2
2 3
13 4
t 568
5 0
6 1
0 2
7 3
11 4
t 569
6 0
10 1
2 2
15 3
5 4
t 570
5 0
6 1
0 2
7 3
10 4
t 571
16 0
11 1
15 2
10 3
17 4
t 572
10 0
6 1
3 2
11 3
5 4
t 573
6 0
7 1
10 2
8 3
1 4
t 574
6 0
7 1
10 2
8 3
2 4
t 575
16 0
11 1
15 2
10 3
12 4
t 576
12 0
7 1
11 2
1 3
8 4
t 577
3 0
8 1
10 2
13 3
4 4
t 578
8 0
13 1
3 2
18 3
7 4
t 579
12 0
7 1
11 2
1 3
13 4
t 580
8 0
13 1
3 2
18 3
12 4
t 581
13 0
8 1
12 2
4 3
7 4
t 582
3 0
4 1
2 2
9 3
8 4
t 583
8 0
9 1
12 2
14 3
4 4
t 584
6 0
11 1
1 2
12 3
10 4
t 585
17 0
12 1
16 2
13 3
11 4
t 586
6 0
11 1
1 2
12 3
5 4
t 587
13 0
8 1
12 2
3 3
7 4
t 588
3 0
8 1
10 2
12 3
4 4
t 589
7 0
12 1
2 2
16 3
13 4
t 590
6 0
10 1
11 2
3 3
5 4
t 591
7 0
12 1
2 2
16 3
8 4
t 592
12 0
16 1
13 2
15 3
11 4
t 593
13 0
8 1
12 2
9 3
7 4
t 594
7 0
12 1
2 2
17 3
13 4
t 595
11 0
10 1
5 2
15 3
6 4
t 596
7 0
13 1
1 2
12 3
8 4
t 597
7 0
12 1
2 2
17 3
8 4
t 598
12 0
16 1
13 2
15 3
17 4
t 599
12 0
7 1
11 2
6 3
8 4
t 600
6 0
7 1
10 2
12 3
1 4
t 601
6 0
7 1
10 2
12 3
2 4
t 602
12 0
7 1
11 2
6 3
13 4
t 603
8 0
13 1
3 2
19 3
7 4
t 604
8 0
13 1
3 2
19 3
12 4
t 605
11 0
6 1
10 2
1 3
5 4
t 606
6 0
7 1
10 2
13 3
1 4
t 607
6 0
7 1
10 2
13 3
2 4
t 608
5 0
6 1
0 2
2 3
10 4
t 609
5 0
6 1
0 2
2 3
11 4
t 610
12 0
13 1
8 2
14 3
7 4
t 611
3 0
8 1
10 2
9 3
4 4
t 612
3 0
8 1
10 2
7 3
4 4
t 613
11 0
6 1
10 2
2 3
5 4
t 614
7 0
13 1
1 2
14 3
12 4
t 615
7 0
13 1
1 2
14 3
8 4
t 616
8 0
12 1
13 2
11 3
7 4
t 617
5 0
6 1
0 2
1 3
11 4
t 618
5 0
6 1
0 2
1 3
10 4
t 619
6 0
11 1
1 2
16 3
10 4
t 620
6 0
11 1
1 2
16 3
5 4
t 621
6 0
11 1
1 2
17 3
5 4
t 622
6 0
11 1
1 2
17 3
10 4
t 623
11 0
6 1
10 2
7 3
5 4
t 624
7 0
6 1
1 2
5 3
2 4
t 625
16 0
11 1
15 2
17 3
12 4
t 626
12 0
13 1
8 2
19 3
7 4
t 627
2 0
1 1
3 2
6 3
7 4
t 628
8 0
12 1
13 2
17 3
7 4
t 629
12 0
13 1
8 2
18 3
7 4
t 630
8 0
12 1
9 2
7 3
13 4
t 631
12 0
16 1
13 2
17 3
11 4
t 632
7 0
13 1
1 2
18 3
12 4
t 633
7 0
13 1
1 2
18 3
8 4
t 634
2 0
1 1
3 2
7 3
6 4
t 635
8 0
12 1
13 2
16 3
7 4
t 636
12 0
7 1
11 2
8 3
13 4
t 637
10 0
11 1
6 2
12 3
5 4
t 638
11 0
6 1
5 2
1 3
10 4
t 639
6 0
2 1
11 2
3 3
1 4
t 640
12 0
13 1
16 2
7 3
8 4
t 641
7 0
8 1
2 2
3 3
13 4
t 642
7 0
8 1
2 2
3 3
12 4
t 643
7 0
1 1
6 2
0 3
2 4
t 644
11 0
12 1
6 2
17 3
16 4
t 645
6 0
2 1
11 2
3 3
7 4
t 646
12 0
16 1
8 2
15 3
11 4
t 647
11 0
6 1
5 2
2 3
10 4
t 648
8 0
4 1
13 2
9 3
3 4
t 649
7 0
8 1
2 2
4 3
13 4
t 650
7 0
8 1
2 2
4 3
12 4
t 651
13 0
18 1
12 2
19 3
14 4
t 652
14 0
19 1
9 2
18 3
13 4
t 653
7 0
8 1
6 2
12 3
13 4
t 654
10 0
11 1
5 2
16 3
6 4
t 655
2 0
7 1
1 2
13 3
6 4
t 656
10 0
6 1
11 2
7 3
5 4
t 657
5 0
10 1
0 2
15 3
11 4
t 658
5 0
10 1
0 2
15 3
6 4
t 659
1 0
6 1
0 2
10 3
7 4
t 660
7 0
6 1
13 2
1 3
2 4
t 661
1 0
6 1
0 2
10 3
2 4
t 662
7 0
8 1
6 2
13 3
12 4
t 663
12 0
16 1
8 2
11 3
17 4
t 664
11 0
12 1
6 2
16 3
17 4
t 665
1 0
6 1
0 2
11 3
7 4
t 666
1 0
6 1
0 2
11 3
2 4
t 667
6 0
7 1
5 2
12 3
1 4
t 668
6 0
7 1
5 2
12 3
2 4
t 669
7 0
6 1
13 2
2 3
1 4
t 670
13 0
12 1
19 2
17 3
7 4
t 671
12 0
13 1
7 2
19 3
8 4
t 672
13 0
12 1
19 2
17 3
8 4
t 673
11 0
16 1
10 2
12 3
17 4
t 674
6 0
2 1
11 2
7 3
1 4
t 675
6 0
7 1
5 2
13 3
2 4
t 676
6 0
7 1
5 2
13 3
1 4
t 677
2 0
7 1
1 2
12 3
6 4
t 678
14 0
19 1
9 2
13 3
18 4
t 679
12 0
17 1
7 2
11 3
16 4
t 680
5 0
10 1
0 2
11 3
6 4
t 681
7 0
6 1
13 2
5 3
2 4
t 682
3 0
8 1
2 2
13 3
4 4
t 683
11 0
16 1
10 2
15 3
17 4
t 684
7 0
6 1
13 2
5 3
1 4
t 685
11 0
10 1
17 2
15 3
5 4
t 686
13 0
18 1
8 2
14 3
19 4
t 687
11 0
16 1
10 2
15 3
12 4
t 688
7 0
8 1
2 2
9 3
12 4
t 689
12 0
16 1
8 2
17 3
11 4
t 690
11 0
10 1
17 2
15 3
6 4
t 691
8 0
9 1
3 2
14 3
4 4
t 692
10 0
11 1
5 2
17 3
6 4
t 693
7 0
8 1
2 2
9 3
13 4
t 694
12 0
16 1
8 2
15 3
17 4
t 695
13 0
8 1
7 2
9 3
12 4
t 696
11 0
16 1
10 2
17 3
12 4
t 697
12 0
13 1
16 2
8 3
7 4
t 698
1 0
6 1
0 2
7 3
2 4
t 699
6 0
7 1
1 2
8 3
2 4
t 700
3 0
8 1
2 2
12 3
4 4
t 701
6 0
2 1
7 2
3 3
1 4
t 702
4 0
9 1
3 2
14 3
8 4
t 703
10 0
6 1
3 2
1 3
5 4
t 704
10 0
6 1
3 2
1 3
11 4
t 705
7 0
1 1
2 2
0 3
6 4
t 706
17 0
12 1
16 2
8 3
11 4
t 707
16 0
11 1
15 2
5 3
12 4
t 708
12 0
13 1
16 2
14 3
7 4
t 709
7 0
8 1
2 2
13 3
12 4
t 710
16 0
11 1
15 2
5 3
17 4
t 711
11 0
16 1
6 2
15 3
12 4
t 712
10 0
6 1
3 2
2 3
11 4
t 713
12 0
13 1
16 2
14 3
8 4
t 714
2 0
7 1
1 2
8 3
6 4
t 715
10 0
6 1
3 2
2 3
5 4
t 716
8 0
12 1
4 2
7 3
13 4
t 717
13 0
19 1
7 2
14 3
18 4
t 718
1 0
6 1
0 2
5 3
2 4
t 719
6 0
10 1
2 2
3 3
5 4
t 720
17 0
12 1
16 2
7 3
11 4
t 721
7 0
12 1
6 2
8 3
13 4
t 722
1 0
6 1
0 2
5 3
7 4
t 723
7 0
8 1
2 2
12 3
13 4
t 724
16 0
11 1
15 2
6 3
12 4
t 725
16 0
11 1
15 2
6 3
17 4
t 726
6 0
10 1
2 2
3 3
11 4
t 727
13 0
18 1
8 2
19 3
14 4
t 728
8 0
12 1
4 2
11 3
7 4
t 729
8 0
13 1
7 2
14 3
12 4
t 730
3 0
8 1
2 2
9 3
4 4
t 731
12 0
17 1
7 2
16 3
11 4
t 732
1 0
6 1
0 2
2 3
7 4
t 733
11 0
6 1
5 2
7 3
10 4
t 734
5 0
10 1
0 2
6 3
11 4
t 735
7 0
12 1
6 2
11 3
8 4
t 736
11 0
16 1
6 2
12 3
17 4
t 737
6 0
7 1
1 2
12 3
2 4
t 738
7 0
6 1
13 2
10 3
1 4
t 739
7 0
6 1
13 2
10 3
2 4
t 740
12 0
13 1
16 2
19 3
7 4
t 741
12 0
13 1
16 2
19 3
8 4
t 742
10 0
6 1
3 2
5 3
11 4
t 743
8 0
13 1
3 2
7 3
12 4
t 744
6 0
10 1
2 2
5 3
11 4
t 745
8 0
12 1
4 2
13 3
7 4
t 746
11 0
17 1
5 2
12 3
16 4
t 747
6 0
7 1
1 2
13 3
2 4
t 748
7 0
6 1
13 2
11 3
1 4
t 749
3 0
8 1
2 2
7 3
4 4
t 750
7 0
6 1
13 2
11 3
2 4
t 751
7 0
12 1
6 2
11 3
13 4
t 752
12 0
13 1
16 2
18 3
8 4
t 753
7 0
12 1
6 2
13 3
8 4
t 754
12 0
13 1
16 2
18 3
7 4
t 755
8 0
12 1
4 2
11 3
13 4
t 756
5 0
10 1
0 2
3 3
11 4
t 757
5 0
10 1
0 2
3 3
6 4
t 758
13 0
19 1
7 2
18 3
14 4
t 759
8 0
13 1
7 2
18 3
12 4
t 760
11 0
16 1
6 2
15 3
17 4
t 761
19 0
14 1
18 2
9 3
13 4
t 762
17 0
16 1
11 2
15 3
12 4
t 763
6 0
7 1
10 2
1 3
2 4
t 764
11 0
16 1
6 2
17 3
12 4
t 765
6 0
11 1
5 2
12 3
10 4
t 766
16 0
11 1
12 2
6 3
17 4
t 767
11 0
5 1
16 2
10 3
6 4
t 768
14 0
13 1
9 2
18 3
19 4
t 769
2 0
6 1
3 2
5 3
7 4
t 770
8 0
13 1
4 2
14 3
12 4
t 771
8 0
13 1
4 2
14 3
7 4
t 772
7 0
13 1
6 2
14 3
12 4
t 773
18 0
13 1
14 2
12 3
19 4
t 774
7 0
13 1
6 2
14 3
8 4
t 775
14 0
13 1
9 2
19 3
18 4
t 776
2 0
6 1
3 2
7 3
1 4
t 777
12 0
11 1
7 2
10 3
17 4
t 778
12 0
11 1
7 2
10 3
16 4
t 779
12 0
7 1
16 2
8 3
13 4
t 780
13 0
7 1
14 2
8 3
12 4
t 781
16 0
12 1
15 2
11 3
17 4
t 782
10 0
11 1
15 2
16 3
5 4
t 783
10 0
11 1
15 2
16 3
6 4
t 784
11 0
5 1
12 2
0 3
6 4
t 785
11 0
5 1
12 2
0 3
10 4
t 786
7 0
8 1
12 2
9 3
13 4
t 787
7 0
13 1
2 2
8 3
12 4
t 788
18 0
14 1
13 2
9 3
19 4
t 789
10 0
11 1
15 2
17 3
6 4
t 790
10 0
11 1
15 2
17 3
5 4
t 791
2 0
6 1
3 2
5 3
1 4
t 792
2 0
7 1
6 2
8 3
1 4
t 793
13 0
12 1
8 2
11 3
7 4
t 794
13 0
7 1
14 2
6 3
12 4
t 795
12 0
7 1
16 2
6 3
8 4
t 796
6 0
11 1
2 2
10 3
5 4
t 797
12 0
7 1
16 2
6 3
13 4
t 798
13 0
7 1
14 2
6 3
8 4
t 799
14 0
13 1
18 2
7 3
19 4
t 800
8 0
7 1
3 2
1 3
12 4
t 801
8 0
7 1
3 2
1 3
13 4
t 802
11 0
5 1
12 2
6 3
10 4
t 803
2 0
6 1
7 2
10 3
1 4
t 804
7 0
1 1
12 2
0 3
2 4
t 805
6 0
7 1
11 2
8 3
1 4
t 806
12 0
7 1
16 2
13 3
8 4
t 807
6 0
7 1
11 2
8 3
2 4
t 808
7 0
1 1
12 2
0 3
6 4
t 809
8 0
13 1
4 2
18 3
12 4
t 810
2 0
6 1
3 2
1 3
7 4
t 811
8 0
13 1
4 2
18 3
7 4
t 812
13 0
7 1
14 2
12 3
8 4
t 813
7 0
13 1
6 2
18 3
12 4
t 814
18 0
13 1
14 2
8 3
19 4
t 815
7 0
13 1
6 2
18 3
8 4
t 816
8 0
9 1
13 2
14 3
4 4
t 817
2 0
6 1
7 2
11 3
1 4
t 818
6 0
11 1
2 2
12 3
10 4
t 819
6 0
11 1
2 2
12 3
5 4
t 820
7 0
13 1
6 2
19 3
12 4
t 821
16 0
12 1
15 2
7 3
17 4
t 822
7 0
13 1
6 2
19 3
8 4
t 823
7 0
1 1
12 2
2 3
6 4
t 824
16 0
12 1
15 2
7 3
11 4
t 825
13 0
12 1
8 2
17 3
7 4
t 826
16 0
12 1
15 2
8 3
17 4
t 827
8 0
7 1
3 2
2 3
12 4
t 828
8 0
7 1
3 2
2 3
13 4
t 829
16 0
11 1
12 2
5 3
17 4
t 830
7 0
13 1
2 2
12 3
8 4
t 831
13 0
12 1
8 2
16 3
7 4
t 832
16 0
12 1
15 2
8 3
11 4
t 833
6 0
7 1
11 2
12 3
1 4
t 834
6 0
7 1
11 2
12 3
2 4
t 835
8 0
13 1
4 2
19 3
7 4
t 836
8 0
13 1
4 2
19 3
12 4
t 837
5 0
11 1
0 2
6 3
10 4
t 838
4 0
8 1
9 2
13 3
3 4
t 839
12 0
8 1
11 2
4 3
7 4
t 840
6 0
7 1
11 2
13 3
1 4
t 841
6 0
7 1
11 2
13 3
2 4
t 842
12 0
8 1
11 2
4 3
13 4
t 843
16 0
12 1
15 2
17 3
11 4
t 844
12 0
7 1
8 2
1 3
13 4
t 845
14 0
13 1
18 2
12 3
19 4
t 846
11 0
5 1
12 2
10 3
6 4
t 847
12 0
11 1
16 2
5 3
17 4
t 848
7 0
13 1
2 2
14 3
12 4
t 849
7 0
13 1
2 2
14 3
8 4
t 850
4 0
8 1
9 2
12 3
3 4
t 851
12 0
8 1
11 2
3 3
7 4
t 852
8 0
3 1
12 2
2 3
4 4
t 853
6 0
11 1
2 2
16 3
10 4
t 854
12 0
8 1
11 2
3 3
13 4
t 855
6 0
11 1
2 2
16 3
5 4
t 856
6 0
5 1
1 2
0 3
10 4
t 857
12 0
11 1
7 2
17 3
16 4
t 858
6 0
5 1
1 2
0 3
11 4
t 859
12 0
17 1
13 2
11 3
16 4
t 860
7 0
1 1
12 2
6 3
2 4
t 861
6 0
11 1
2 2
17 3
10 4
t 862
6 0
11 1
2 2
17 3
5 4
t 863
8 0
7 1
3 2
6 3
12 4
t 864
8 0
7 1
3 2
6 3
13 4
t 865
7 0
6 1
2 2
5 3
1 4
t 866
11 0
10 1
6 2
15 3
5 4
t 867
12 0
11 1
7 2
16 3
17 4
t 868
2 0
6 1
7 2
5 3
1 4
t 869
5 0
11 1
0 2
10 3
6 4
t 870
10 0
11 1
3 2
6 3
5 4
t 871
7 0
1 1
8 2
0 3
6 4
t 872
16 0
12 1
15 2
13 3
11 4
t 873
16 0
11 1
12 2
10 3
17 4
t 874
16 0
12 1
15 2
13 3
17 4
t 875
7 0
1 1
8 2
0 3
2 4
t 876
6 0
1 1
10 2
0 3
2 4
t 877
6 0
1 1
10 2
0 3
7 4
t 878
14 0
13 1
18 2
8 3
19 4
t 879
12 0
17 1
13 2
16 3
11 4
t 880
7 0
13 1
2 2
18 3
12 4
t 881
13 0
14 1
19 2
9 3
18 4
t 882
7 0
13 1
2 2
18 3
8 4
t 883
4 0
8 1
9 2
7 3
3 4
t 884
5 0
11 1
0 2
12 3
6 4
t 885
12 0
8 1
11 2
7 3
13 4
t 886
5 0
11 1
0 2
12 3
10 4
t 887
16 0
12 1
11 2
7 3
17 4
t 888
7 0
1 1
8 2
2 3
6 4
t 889
7 0
13 1
2 2
19 3
12 4
t 890
7 0
13 1
2 2
19 3
8 4
t 891
6 0
1 1
10 2
2 3
7 4
t 892
10 0
11 1
3 2
5 3
6 4
t 893
16 0
12 1
11 2
8 3
17 4
t 894
12 0
7 1
8 2
2 3
13 4
t 895
12 0
11 1
16 2
6 3
17 4
t 896
12 0
17 1
8 2
11 3
16 4
t 897
6 0
10 1
7 2
3 3
11 4
t 898
6 0
10 1
7 2
3 3
5 4
t 899
1 0
2 1
6 2
3 3
7 4
t 900
7 0
13 1
1 2
19 3
12 4
t 901
13 0
7 1
18 2
1 3
8 4
t 902
7 0
13 1
1 2
19 3
8 4
t 903
8 0
13 1
12 2
14 3
7 4
t 904
10 0
11 1
6 2
17 3
5 4
t 905
12 0
13 1
17 2
8 3
7 4
t 906
7 0
6 1
1 2
10 3
2 4
t 907
6 0
10 1
7 2
5 3
11 4
t 908
12 0
7 1
11 2
13 3
8 4
t 909
12 0
13 1
17 2
7 3
8 4
t 910
8 0
12 1
9 2
13 3
7 4
t 911
7 0
6 1
1 2
11 3
2 4
t 912
13 0
14 1
18 2
9 3
19 4
t 913
8 0
3 1
7 2
2 3
4 4
t 914
8 0
12 1
9 2
11 3
7 4
t 915
8 0
12 1
9 2
11 3
13 4
t 916
1 0
7 1
0 2
8 3
6 4
t 917
6 0
10 1
11 2
15 3
5 4
t 918
1 0
7 1
0 2
8 3
2 4
t 919
13 0
19 1
12 2
14 3
18 4
t 920
10 0
11 1
6 2
16 3
5 4
t 921
10 0
11 1
15 2
6 3
5 4
t 922
8 0
13 1
12 2
18 3
7 4
t 923
12 0
17 1
8 2
16 3
11 4
t 924
11 0
17 1
10 2
16 3
12 4
t 925
1 0
7 1
0 2
6 3
2 4
t 926
6 0
11 1
10 2
12 3
5 4
t 927
6 0
7 1
2 2
8 3
1 4
t 928
6 0
1 1
5 2
0 3
2 4
t 929
8 0
12 1
9 2
16 3
13 4
t 930
11 0
12 1
16 2
7 3
17 4
t 931
13 0
7 1
18 2
2 3
12 4
t 932
7 0
2 1
6 2
3 3
1 4
t 933
11 0
17 1
10 2
12 3
16 4
t 934
8 0
12 1
9 2
17 3
7 4
t 935
6 0
1 1
5 2
0 3
7 4
t 936
11 0
12 1
16 2
8 3
17 4
t 937
10 0
11 1
15 2
5 3
6 4
t 938
13 0
7 1
18 2
1 3
12 4
t 939
8 0
12 1
9 2
16 3
7 4
t 940
8 0
13 1
12 2
19 3
7 4
t 941
6 0
10 1
7 2
11 3
5 4
t 942
13 0
7 1
18 2
2 3
8 4
t 943
13 0
19 1
12 2
18 3
14 4
t 944
6 0
1 1
5 2
2 3
7 4
t 945
11 0
12 1
16 2
13 3
17 4
t 946
13 0
19 1
8 2
18 3
14 4
t 947
13 0
7 1
14 2
1 3
12 4
t 948
13 0
7 1
14 2
1 3
8 4
t 949
12 0
7 1
16 2
1 3
8 4
t 950
8 0
12 1
9 2
17 3
13 4
t 951
5 0
6 1
10 2
7 3
11 4
t 952
13 0
7 1
18 2
8 3
12 4
t 953
6 0
11 1
10 2
16 3
5 4
t 954
6 0
7 1
2 2
12 3
1 4
t 955
1 0
7 1
0 2
2 3
6 4
t 956
18 0
13 1
14 2
7 3
19 4
t 957
8 0
13 1
4 2
7 3
12 4
t 958
11 0
5 1
16 2
0 3
6 4
t 959
11 0
5 1
16 2
0 3
10 4
t 960
14 0
13 1
9 2
12 3
18 4
t 961
14 0
13 1
9 2
12 3
19 4
t 962
6 0
11 1
10 2
17 3
5 4
t 963
6 0
7 1
2 2
13 3
1 4
t 964
8 0
3 1
7 2
10 3
4 4
t 965
12 0
13 1
17 2
14 3
7 4
t 966
12 0
13 1
17 2
14 3
8 4
t 967
6 0
10 1
7 2
15 3
11 4
t 968
13 0
19 1
8 2
14 3
18 4
t 969
13 0
7 1
18 2
6 3
12 4
t 970
6 0
10 1
7 2
15 3
5 4
t 971
13 0
7 1
18 2
6 3
8 4
t 972
2 0
7 1
6 2
13 3
1 4
t 973
2 0
6 1
3 2
10 3
1 4
t 974
2 0
6 1
3 2
10 3
7 4
t 975
11 0
5 1
16 2
6 3
10 4
t 976
7 0
8 1
12 2
3 3
13 4
t 977
11 0
10 1
6 2
3 3
5 4
t 978
7 0
13 1
6 2
8 3
12 4
t 979
17 0
16 1
12 2
15 3
11 4
t 980
6 0
7 1
11 2
1 3
2 4
t 981
2 0
6 1
3 2
11 3
1 4
t 982
7 0
8 1
12 2
4 3
13 4
t 983
2 0
6 1
3 2
11 3
7 4
t 984
11 0
17 1
6 2
16 3
12 4
t 985
6 0
1 1
5 2
7 3
2 4
t 986
12 0
11 1
7 2
6 3
17 4
t 987
12 0
11 1
7 2
6 3
16 4
t 988
14 0
13 1
9 2
7 3
18 4
t 989
14 0
13 1
9 2
7 3
19 4
t 990
13 0
7 1
18 2
12 3
8 4
t 991
10 0
11 1
15 2
12 3
5 4
t 992
12 0
13 1
17 2
19 3
8 4
t 993
10 0
11 1
15 2
12 3
6 4
t 994
6 0
7 1
11 2
2 3
1 4
t 995
12 0
13 1
17 2
19 3
7 4
t 996
5 0
6 1
10 2
2 3
11 4
t 997
12 0
11 1
7 2
5 3
17 4
t 998
12 0
11 1
7 2
5 3
16 4
t 999
8 0
13 1
4 2
12 3
7 4
t 1000
14 0
13 1
9 2
8 3
18 4
t 1001
11 0
17 1
6 2
12 3
16 4
t 1002
14 0
13 1
9 2
8 3
19 4
t 1003
12 0
13 1
17 2
18 3
7 4
t 1004
2 0
7 1
6 2
12 3
1 4
t 1005
12 0
7 1
16 2
1 3
13 4
t 1006
12 0
13 1
17 2
18 3
8 4
t 1007
7 0
13 1
6 2
12 3
8 4
t 1008
5 0
6 1
10 2
1 3
11 4
t 1009
6 0
11 1
2 2
5 3
10 4
t 1010
13 0
7 1
14 2
2 3
12 4
t 1011
13 0
7 1
14 2
2 3
8 4
t 1012
12 0
7 1
16 2
2 3
8 4
t 1013
12 0
7 1
16 2
2 3
13 4
t # -1