t 0
12 0
2 1
8 2
7 3
13 4
t 1
11 0
0 1
6 2
5 3
10 4
t 2
2 0
5 1
1 2
6 3
7 4
t 3
2 0
8 1
6 2
7 3
1 4
t 4
10 0
2 1
11 2
6 3
5 4
t 5
6 0
12 1
5 2
11 3
10 4
t 6
5 0
3 1
11 2
10 3
6 4
t 7
17 0
13 1
16 2
12 3
11 4
t 8
19 0
7 1
18 2
13 3
14 4
t 9
12 0
6 1
16 2
11 3
17 4
t 10
13 0
6 1
12 2
7 3
8 4
t 11
5 0
15 1
11 2
10 3
6 4
t 12
16 0
10 1
12 2
11 3
17 4
t 13
16 0
13 1
17 2
12 3
11 4
t 14
7 0
3 1
1 2
2 3
6 4
t 15
10 0
1 1
11 2
6 3
5 4
t 16
10 0
17 1
5 2
11 3
6 4
t 17
7 0
9 1
13 2
8 3
12 4
t 18
11 0
2 1
10 2
6 3
5 4
t 19
7 0
18 1
12 2
13 3
8 4
t 20
6 0
16 1
10 2
11 3
5 4
t 21
12 0
15 1
17 2
16 3
11 4
t 22
8 0
16 1
7 2
12 3
13 4
t 23
8 0
19 1
12 2
13 3
7 4
t 24
13 0
11 1
7 2
12 3
8 4
t 25
6 0
12 1
2 2
7 3
1 4
t 26
12 0
6 1
17 2
11 3
16 4
t 27
5 0
12 1
6 2
11 3
10 4
t 28
7 0
16 1
8 2
12 3
13 4
t 29
16 0
7 1
11 2
12 3
17 4
t 30
8 0
17 1
7 2
12 3
13 4
t 31
10 0
0 1
6 2
5 3
11 4
t 32
7 0
9 1
12 2
8 3
13 4
t 33
1 0
13 1
2 2
7 3
6 4
t 34
8 0
1 1
13 2
7 3
12 4
t 35
13 0
4 1
7 2
8 3
12 4
t 36
13 0
9 1
18 2
14 3
19 4
t 37
6 0
12 1
1 2
7 3
2 4
t 38
6 0
3 1
1 2
2 3
7 4
t 39
2 0
13 1
1 2
7 3
6 4
t 40
6 0
3 1
5 2
10 3
11 4
t 41
6 0
17 1
10 2
11 3
5 4
t 42
5 0
2 1
10 2
6 3
11 4
t 43
6 0
13 1
2 2
7 3
1 4
t 44
8 0
1 1
12 2
7 3
13 4
t 45
11 0
15 1
17 2
16 3
12 4
t 46
7 0
17 1
8 2
12 3
13 4
t 47
18 0
12 1
14 2
13 3
19 4
t 48
13 0
9 1
19 2
14 3
18 4
t 49
16 0
8 1
11 2
12 3
17 4
t 50
12 0
6 1
13 2
7 3
8 4
t 51
13 0
3 1
7 2
8 3
12 4
t 52
7 0
19 1
12 2
13 3
8 4
t 53
5 0
16 1
10 2
11 3
6 4
t 54
17 0
10 1
12 2
11 3
16 4
t 55
11 0
7 1
16 2
12 3
17 4
t 56
5 0
2 1
11 2
6 3
10 4
t 57
8 0
18 1
7 2
13 3
12 4
t 58
6 0
13 1
1 2
7 3
2 4
t 59
12 0
14 1
8 2
13 3
7 4
t 60
19 0
9 1
18 2
14 3
13 4
t 61
11 0
2 1
5 2
6 3
10 4
t 62
16 0
5 1
17 2
11 3
12 4
t 63
11 0
8 1
17 2
12 3
16 4
t 64
14 0
12 1
18 2
13 3
19 4
t 65
7 0
5 1
2 2
6 3
1 4
t 66
5 0
1 1
10 2
6 3
11 4
t 67
18 0
8 1
19 2
13 3
14 4
t 68
12 0
4 1
7 2
8 3
13 4
t 69
6 0
15 1
5 2
10 3
11 4
t 70
8 0
11 1
13 2
12 3
7 4
t 71
8 0
2 1
13 2
7 3
12 4
t 72
9 0
7 1
3 2
8 3
4 4
t 73
1 0
5 1
7 2
6 3
2 4
t 74
1 0
12 1
2 2
7 3
6 4
t 75
13 0
6 1
8 2
7 3
12 4
t 76
19 0
7 1
14 2
13 3
18 4
t 77
11 0
1 1
5 2
6 3
10 4
t 78
12 0
3 1
7 2
8 3
13 4
t 79
11 0
7 1
17 2
12 3
16 4
t 80
5 0
17 1
10 2
11 3
6 4
t 81
3 0
7 1
9 2
8 3
4 4
t 82
2 0
12 1
1 2
7 3
6 4
t 83
7 0
18 1
8 2
13 3
12 4
t 84
14 0
12 1
19 2
13 3
18 4
t 85
7 0
5 1
1 2
6 3
2 4
t 86
5 0
1 1
11 2
6 3
10 4
t 87
8 0
2 1
12 2
7 3
13 4
t 88
17 0
13 1
11 2
12 3
16 4
t 89
17 0
6 1
16 2
11 3
12 4
t 90
5 0
15 1
6 2
10 3
11 4
t 91
18 0
7 1
19 2
13 3
14 4
t 92
13 0
17 1
8 2
12 3
7 4
t 93
7 0
11 1
13 2
12 3
8 4
t 94
19 0
8 1
18 2
13 3
14 4
t 95
6 0
0 1
11 2
5 3
10 4
t 96
1 0
13 1
6 2
7 3
2 4
t 97
11 0
15 1
12 2
16 3
17 4
t 98
6 0
16 1
5 2
11 3
10 4
t 99
12 0
9 1
13 2
8 3
7 4
t 100
13 0
16 1
7 2
12 3
8 4
t 101
2 0
5 1
7 2
6 3
1 4
t 102
10 0
2 1
5 2
6 3
11 4
t 103
12 0
6 1
8 2
7 3
13 4
t 104
8 0
19 1
7 2
13 3
12 4
t 105
12 0
10 1
16 2
11 3
17 4
t 106
10 0
12 1
6 2
11 3
5 4
t 107
1 0
11 1
2 2
6 3
7 4
t 108
1 0
3 1
6 2
2 3
7 4
t 109
10 0
1 1
5 2
6 3
11 4
t 110
7 0
0 1
6 2
1 3
2 4
t 111
17 0
5 1
16 2
11 3
12 4
t 112
12 0
14 1
7 2
13 3
8 4
t 113
6 0
0 1
10 2
5 3
11 4
t 114
1 0
10 1
2 2
6 3
7 4
t 115
11 0
8 1
16 2
12 3
17 4
t 116
13 0
16 1
8 2
12 3
7 4
t 117
12 0
15 1
11 2
16 3
17 4
t 118
2 0
11 1
1 2
6 3
7 4
t 119
12 0
10 1
17 2
11 3
16 4
t 120
7 0
19 1
8 2
13 3
12 4
t 121
5 0
16 1
6 2
11 3
10 4
t 122
13 0
9 1
12 2
8 3
7 4
t 123
16 0
7 1
17 2
12 3
11 4
t 124
2 0
13 1
6 2
7 3
1 4
t 125
6 0
0 1
7 2
1 3
2 4
t 126
10 0
7 1
11 2
6 3
5 4
t 127
6 0
17 1
5 2
11 3
10 4
t 128
1 0
3 1
7 2
2 3
6 4
t 129
2 0
10 1
1 2
6 3
7 4
t 130
7 0
3 1
13 2
8 3
12 4
t 131
13 0
1 1
12 2
7 3
8 4
t 132
11 0
3 1
5 2
10 3
6 4
t 133
17 0
8 1
16 2
12 3
11 4
t 134
19 0
12 1
18 2
13 3
14 4
t 135
11 0
15 1
6 2
10 3
5 4
t 136
1 0
12 1
6 2
7 3
2 4
t 137
7 0
3 1
12 2
8 3
13 4
t 138
13 0
17 1
7 2
12 3
8 4
t 139
8 0
14 1
12 2
13 3
7 4
t 140
11 0
3 1
6 2
10 3
5 4
t 141
5 0
17 1
6 2
11 3
10 4
t 142
11 0
7 1
10 2
6 3
5 4
t 143
17 0
15 1
12 2
16 3
11 4
t 144
16 0
5 1
12 2
11 3
17 4
t 145
7 0
4 1
13 2
8 3
12 4
t 146
18 0
8 1
14 2
13 3
19 4
t 147
16 0
8 1
17 2
12 3
11 4
t 148
10 0
12 1
5 2
11 3
6 4
t 149
17 0
6 1
12 2
11 3
16 4
t 150
16 0
6 1
17 2
11 3
12 4
t 151
19 0
8 1
14 2
13 3
18 4
t 152
12 0
18 1
8 2
13 3
7 4
t 153
2 0
12 1
6 2
7 3
1 4
t 154
7 0
4 1
12 2
8 3
13 4
t 155
18 0
9 1
19 2
14 3
13 4
t 156
8 0
11 1
7 2
12 3
13 4
t 157
13 0
2 1
12 2
7 3
8 4
t 158
8 0
6 1
13 2
7 3
12 4
t 159
13 0
9 1
7 2
8 3
12 4
t 160
1 0
8 1
2 2
7 3
6 4
t 161
18 0
7 1
14 2
13 3
19 4
t 162
16 0
13 1
11 2
12 3
17 4
t 163
7 0
11 1
8 2
12 3
13 4
t 164
7 0
0 1
2 2
1 3
6 4
t 165
17 0
5 1
12 2
11 3
16 4
t 166
7 0
14 1
12 2
13 3
8 4
t 167
9 0
12 1
3 2
8 3
4 4
t 168
12 0
1 1
13 2
7 3
8 4
t 169
11 0
15 1
5 2
10 3
6 4
t 170
2 0
8 1
1 2
7 3
6 4
t 171
1 0
11 1
7 2
6 3
2 4
t 172
5 0
7 1
10 2
6 3
11 4
t 173
6 0
12 1
10 2
11 3
5 4
t 174
8 0
16 1
13 2
12 3
7 4
t 175
6 0
8 1
2 2
7 3
1 4
t 176
5 0
3 1
6 2
10 3
11 4
t 177
8 0
6 1
12 2
7 3
13 4
t 178
17 0
7 1
16 2
12 3
11 4
t 179
9 0
13 1
3 2
8 3
4 4
t 180
14 0
7 1
18 2
13 3
19 4
t 181
11 0
13 1
17 2
12 3
16 4
t 182
11 0
0 1
10 2
5 3
6 4
t 183
7 0
10 1
2 2
6 3
1 4
t 184
16 0
10 1
17 2
11 3
12 4
t 185
7 0
3 1
6 2
2 3
1 4
t 186
8 0
17 1
13 2
12 3
7 4
t 187
13 0
1 1
8 2
7 3
12 4
t 188
1 0
10 1
7 2
6 3
2 4
t 189
11 0
7 1
5 2
6 3
10 4
t 190
19 0
12 1
14 2
13 3
18 4
t 191
12 0
9 1
7 2
8 3
13 4
t 192
18 0
9 1
13 2
14 3
19 4
t 193
10 0
16 1
6 2
11 3
5 4
t 194
5 0
7 1
11 2
6 3
10 4
t 195
6 0
8 1
1 2
7 3
2 4
t 196
13 0
3 1
12 2
8 3
7 4
t 197
12 0
19 1
8 2
13 3
7 4
t 198
17 0
7 1
11 2
12 3
16 4
t 199
7 0
16 1
13 2
12 3
8 4
t 200
6 0
3 1
7 2
2 3
1 4
t 201
6 0
3 1
11 2
10 3
5 4
t 202
14 0
7 1
19 2
13 3
18 4
t 203
6 0
0 1
2 2
1 3
7 4
t 204
7 0
10 1
1 2
6 3
2 4
t 205
12 0
2 1
13 2
7 3
8 4
t 206
12 0
18 1
7 2
13 3
8 4
t 207
3 0
13 1
9 2
8 3
4 4
t 208
17 0
8 1
11 2
12 3
16 4
t 209
7 0
11 1
2 2
6 3
1 4
t 210
2 0
11 1
7 2
6 3
1 4
t 211
5 0
12 1
10 2
11 3
6 4
t 212
11 0
1 1
10 2
6 3
5 4
t 213
10 0
7 1
5 2
6 3
11 4
t 214
2 0
10 1
7 2
6 3
1 4
t 215
10 0
17 1
6 2
11 3
5 4
t 216
8 0
14 1
7 2
13 3
12 4
t 217
2 0
0 1
6 2
1 3
7 4
t 218
12 0
5 1
16 2
11 3
17 4
t 219
7 0
17 1
13 2
12 3
8 4
t 220
18 0
12 1
19 2
13 3
14 4
t 221
14 0
8 1
18 2
13 3
19 4
t 222
17 0
15 1
11 2
16 3
12 4
t 223
7 0
11 1
1 2
6 3
2 4
t 224
12 0
1 1
8 2
7 3
13 4
t 225
12 0
4 1
13 2
8 3
7 4
t 226
6 0
15 1
11 2
10 3
5 4
t 227
13 0
11 1
8 2
12 3
7 4
t 228
13 0
2 1
8 2
7 3
12 4
t 229
1 0
8 1
6 2
7 3
2 4
t 230
3 0
12 1
9 2
8 3
4 4
t 231
16 0
6 1
12 2
11 3
17 4
t 232
11 0
13 1
16 2
12 3
17 4
t 233
12 0
3 1
13 2
8 3
7 4
t 234
10 0
0 1
11 2
5 3
6 4
t 235
8 0
18 1
12 2
13 3
7 4
t 236
2 0
0 1
7 2
1 3
6 4
t 237
12 0
5 1
17 2
11 3
16 4
t 238
13 0
4 1
12 2
8 3
7 4
t 239
19 0
9 1
13 2
14 3
18 4
t 240
7 0
14 1
8 2
13 3
12 4
t 241
14 0
8 1
19 2
13 3
18 4
t 242
10 0
16 1
5 2
11 3
6 4
t 243
1 0
5 1
2 2
6 3
7 4
t 244
12 0
19 1
7 2
13 3
8 4
t 245
17 0
10 1
16 2
11 3
12 4
t # -1