t 0
13 0
9 1
14 2
18 3
19 4
t 1
10 0
1 1
6 2
5 3
11 4
t 2
16 0
15 1
12 2
11 3
17 4
t 3
11 0
1 1
6 2
10 3
5 4
t 4
17 0
15 1
12 2
16 3
11 4
t 5
6 0
1 1
10 2
11 3
5 4
t 6
7 0
3 1
8 2
12 3
13 4
t 7
11 0
15 1
17 2
16 3
12 4
t 8
2 0
8 1
1 2
7 3
6 4
t 9
5 0
1 1
11 2
10 3
6 4
t 10
11 0
15 1
16 2
12 3
17 4
t 11
2 0
8 1
6 2
1 3
7 4
t 12
8 0
3 1
12 2
7 3
13 4
t 13
17 0
15 1
11 2
12 3
16 4
t 14
1 0
8 1
2 2
6 3
7 4
t 15
14 0
9 1
19 2
18 3
13 4
t 16
19 0
9 1
14 2
13 3
18 4
t 17
8 0
3 1
7 2
13 3
12 4
t 18
12 0
15 1
16 2
17 3
11 4
t 19
2 0
8 1
1 2
6 3
7 4
t 20
8 0
3 1
13 2
12 3
7 4
t 21
17 0
15 1
11 2
16 3
12 4
t 22
7 0
3 1
13 2
8 3
12 4
t 23
11 0
1 1
5 2
6 3
10 4
t 24
11 0
15 1
17 2
12 3
16 4
t 25
12 0
3 1
7 2
13 3
8 4
t 26
7 0
8 1
2 2
1 3
6 4
t 27
7 0
3 1
8 2
13 3
12 4
t 28
2 0
8 1
7 2
1 3
6 4
t 29
5 0
1 1
6 2
11 3
10 4
t 30
14 0
9 1
18 2
19 3
13 4
t 31
6 0
8 1
7 2
1 3
2 4
t 32
19 0
9 1
13 2
14 3
18 4
t 33
12 0
3 1
13 2
8 3
7 4
t 34
12 0
15 1
17 2
16 3
11 4
t 35
17 0
15 1
16 2
11 3
12 4
t 36
6 0
8 1
2 2
7 3
1 4
t 37
12 0
3 1
8 2
13 3
7 4
t 38
18 0
9 1
14 2
13 3
19 4
t 39
16 0
15 1
11 2
12 3
17 4
t 40
19 0
9 1
14 2
18 3
13 4
t 41
12 0
3 1
13 2
7 3
8 4
t 42
6 0
8 1
7 2
2 3
1 4
t 43
6 0
1 1
11 2
10 3
5 4
t 44
11 0
1 1
6 2
5 3
10 4
t 45
11 0
15 1
12 2
17 3
16 4
t 46
1 0
8 1
6 2
2 3
7 4
t 47
5 0
1 1
11 2
6 3
10 4
t 48
13 0
3 1
12 2
8 3
7 4
t 49
16 0
15 1
17 2
11 3
12 4
t 50
2 0
8 1
7 2
6 3
1 4
t 51
8 0
3 1
7 2
12 3
13 4
t 52
12 0
15 1
16 2
11 3
17 4
t 53
1 0
8 1
2 2
7 3
6 4
t 54
6 0
8 1
1 2
7 3
2 4
t 55
11 0
15 1
12 2
16 3
17 4
t 56
13 0
3 1
12 2
7 3
8 4
t 57
13 0
9 1
18 2
19 3
14 4
t 58
8 0
3 1
13 2
7 3
12 4
t 59
16 0
15 1
12 2
17 3
11 4
t 60
17 0
15 1
16 2
12 3
11 4
t 61
1 0
8 1
7 2
2 3
6 4
t 62
5 0
1 1
10 2
6 3
11 4
t 63
12 0
15 1
11 2
17 3
16 4
t 64
18 0
9 1
13 2
14 3
19 4
t 65
6 0
1 1
11 2
5 3
10 4
t 66
7 0
8 1
1 2
6 3
2 4
t 67
12 0
15 1
17 2
11 3
16 4
t 68
13 0
3 1
7 2
12 3
8 4
t 69
12 0
3 1
7 2
8 3
13 4
t 70
12 0
15 1
11 2
16 3
17 4
t 71
10 0
1 1
5 2
11 3
6 4
t 72
16 0
15 1
17 2
12 3
11 4
t 73
16 0
15 1
11 2
17 3
12 4
t 74
6 0
8 1
1 2
2 3
7 4
t 75
6 0
1 1
5 2
10 3
11 4
t 76
19 0
9 1
18 2
13 3
14 4
t 77
13 0
9 1
19 2
18 3
14 4
t 78
7 0
8 1
6 2
2 3
1 4
t 79
10 0
1 1
11 2
5 3
6 4
t 80
6 0
1 1
10 2
5 3
11 4
t 81
13 0
3 1
8 2
12 3
7 4
t 82
6 0
1 1
5 2
11 3
10 4
t 83
10 0
1 1
6 2
11 3
5 4
t 84
2 0
8 1
6 2
7 3
1 4
t 85
5 0
1 1
6 2
10 3
11 4
t 86
7 0
8 1
6 2
1 3
2 4
t 87
7 0
3 1
12 2
13 3
8 4
t 88
10 0
1 1
11 2
6 3
5 4
t 89
19 0
9 1
13 2
18 3
14 4
t 90
1 0
8 1
7 2
6 3
2 4
t 91
12 0
3 1
8 2
7 3
13 4
t 92
13 0
9 1
18 2
14 3
19 4
t 93
7 0
8 1
1 2
2 3
6 4
t 94
13 0
3 1
7 2
8 3
12 4
t 95
5 0
1 1
10 2
11 3
6 4
t 96
18 0
9 1
19 2
14 3
13 4
t 97
7 0
3 1
12 2
8 3
13 4
t 98
11 0
1 1
10 2
6 3
5 4
t 99
17 0
15 1
12 2
11 3
16 4
t 100
18 0
9 1
13 2
19 3
14 4
t 101
14 0
9 1
19 2
13 3
18 4
t 102
11 0
1 1
10 2
5 3
6 4
t 103
11 0
15 1
16 2
17 3
12 4
t 104
14 0
9 1
13 2
18 3
19 4
t 105
13 0
9 1
19 2
14 3
18 4
t 106
7 0
8 1
2 2
6 3
1 4
t 107
11 0
1 1
5 2
10 3
6 4
t 108
14 0
9 1
13 2
19 3
18 4
t 109
6 0
8 1
2 2
1 3
7 4
t 110
19 0
9 1
18 2
14 3
13 4
t 111
1 0
8 1
6 2
7 3
2 4
t 112
7 0
3 1
13 2
12 3
8 4
t 113
18 0
9 1
14 2
19 3
13 4
t 114
18 0
9 1
19 2
13 3
14 4
t 115
10 0
1 1
5 2
6 3
11 4
t 116
13 0
3 1
8 2
7 3
12 4
t 117
13 0
9 1
14 2
19 3
18 4
t 118
14 0
9 1
18 2
13 3
19 4
t 119
8 0
3 1
12 2
13 3
7 4
t # -1