t 0
7 0
19 1
13 2
18 3
14 4
9 5
t 1
1 0
12 1
7 2
8 3
13 4
2 5
t 2
7 0
12 1
11 2
16 3
17 4
8 5
t 3
3 0
13 1
8 2
7 3
12 4
4 5
t 4
5 0
2 1
6 2
7 3
1 4
10 5
t 5
5 0
6 1
1 2
7 3
2 4
10 5
t 6
0 0
11 1
5 2
6 3
10 4
12 5
t 7
9 0
13 1
14 2
19 3
18 4
7 5
t 8
3 0
7 1
8 2
12 3
13 4
4 5
t 9
5 0
11 1
17 2
16 3
12 4
7 5
t 10
7 0
18 1
13 2
14 3
19 4
8 5
t 11
8 0
7 1
2 2
6 3
1 4
12 5
t 12
5 0
2 1
6 2
1 3
7 4
8 5
t 13
12 0
10 1
11 2
6 3
5 4
0 5
t 14
9 0
19 1
14 2
13 3
18 4
4 5
t 15
1 0
13 1
7 2
12 3
8 4
3 5
t 16
15 0
16 1
17 2
12 3
11 4
5 5
t 17
3 0
8 1
12 2
7 3
13 4
4 5
t 18
9 0
14 1
18 2
19 3
13 4
7 5
t 19
14 0
12 1
13 2
7 3
8 4
3 5
t 20
5 0
6 1
2 2
7 3
1 4
10 5
t 21
1 0
5 1
6 2
11 3
10 4
2 5
t 22
7 0
12 1
11 2
17 3
16 4
15 5
t 23
5 0
6 1
2 2
1 3
7 4
8 5
t 24
3 0
8 1
12 2
13 3
7 4
4 5
t 25
5 0
17 1
11 2
12 3
16 4
15 5
t 26
3 0
1 1
2 2
6 3
7 4
8 5
t 27
9 0
18 1
19 2
13 3
14 4
4 5
t 28
9 0
14 1
18 2
13 3
19 4
4 5
t 29
7 0
13 1
19 2
18 3
14 4
9 5
t 30
14 0
12 1
13 2
8 3
7 4
1 5
t 31
9 0
18 1
14 2
19 3
13 4
7 5
t 32
7 0
12 1
17 2
16 3
11 4
8 5
t 33
1 0
6 1
5 2
11 3
10 4
2 5
t 34
15 0
16 1
17 2
11 3
12 4
7 5
t 35
5 0
11 1
17 2
12 3
16 4
15 5
t 36
8 0
6 1
7 2
1 3
2 4
12 5
t 37
5 0
1 1
6 2
7 3
2 4
10 5
t 38
1 0
13 1
7 2
8 3
12 4
2 5
t 39
8 0
1 1
7 2
2 3
6 4
12 5
t 40
8 0
2 1
7 2
6 3
1 4
12 5
t 41
12 0
11 1
10 2
5 3
6 4
1 5
t 42
9 0
14 1
19 2
13 3
18 4
4 5
t 43
15 0
11 1
16 2
17 3
12 4
7 5
t 44
9 0
18 1
14 2
13 3
19 4
4 5
t 45
8 0
7 1
2 2
1 3
6 4
12 5
t 46
3 0
7 1
8 2
13 3
12 4
4 5
t 47
15 0
16 1
11 2
12 3
17 4
5 5
t 48
9 0
19 1
14 2
18 3
13 4
7 5
t 49
7 0
18 1
13 2
19 3
14 4
9 5
t 50
7 0
17 1
12 2
11 3
16 4
15 5
t 51
8 0
7 1
1 2
6 3
2 4
12 5
t 52
7 0
12 1
17 2
11 3
16 4
15 5
t 53
12 0
11 1
10 2
6 3
5 4
0 5
t 54
15 0
11 1
16 2
12 3
17 4
5 5
t 55
9 0
14 1
19 2
18 3
13 4
7 5
t 56
8 0
2 1
7 2
1 3
6 4
12 5
t 57
5 0
6 1
1 2
2 3
7 4
8 5
t 58
1 0
6 1
5 2
10 3
11 4
2 5
t 59
0 0
5 1
11 2
10 3
6 4
1 5
t 60
5 0
1 1
6 2
2 3
7 4
8 5
t 61
5 0
17 1
11 2
16 3
12 4
7 5
t 62
1 0
10 1
6 2
11 3
5 4
2 5
t 63
7 0
13 1
19 2
14 3
18 4
8 5
t 64
9 0
14 1
13 2
19 3
18 4
7 5
t 65
14 0
13 1
12 2
7 3
8 4
3 5
t 66
15 0
12 1
16 2
11 3
17 4
7 5
t 67
7 0
13 1
18 2
19 3
14 4
9 5
t 68
1 0
6 1
11 2
5 3
10 4
2 5
t 69
15 0
16 1
11 2
17 3
12 4
7 5
t 70
15 0
12 1
16 2
17 3
11 4
7 5
t 71
0 0
5 1
10 2
6 3
11 4
12 5
t 72
9 0
19 1
18 2
13 3
14 4
4 5
t 73
8 0
1 1
7 2
6 3
2 4
12 5
t 74
3 0
8 1
7 2
13 3
12 4
4 5
t 75
1 0
10 1
6 2
5 3
11 4
2 5
t 76
3 0
2 1
1 2
6 3
7 4
8 5
t 77
7 0
17 1
12 2
16 3
11 4
8 5
t 78
0 0
10 1
5 2
11 3
6 4
1 5
t 79
7 0
13 1
18 2
14 3
19 4
8 5
t 80
3 0
8 1
7 2
12 3
13 4
4 5
t 81
1 0
11 1
6 2
10 3
5 4
2 5
t 82
9 0
19 1
18 2
14 3
13 4
7 5
t 83
3 0
2 1
1 2
7 3
6 4
5 5
t 84
1 0
7 1
13 2
12 3
8 4
3 5
t 85
8 0
7 1
1 2
2 3
6 4
12 5
t 86
15 0
16 1
12 2
11 3
17 4
7 5
t 87
7 0
11 1
12 2
16 3
17 4
8 5
t 88
0 0
5 1
10 2
11 3
6 4
1 5
t 89
9 0
14 1
13 2
18 3
19 4
7 5
t 90
15 0
16 1
12 2
17 3
11 4
7 5
t 91
8 0
6 1
7 2
2 3
1 4
12 5
t 92
1 0
6 1
11 2
10 3
5 4
2 5
t 93
14 0
13 1
12 2
8 3
7 4
1 5
t 94
0 0
5 1
11 2
6 3
10 4
12 5
t 95
3 0
8 1
13 2
7 3
12 4
4 5
t 96
7 0
19 1
13 2
14 3
18 4
8 5
t 97
0 0
11 1
5 2
10 3
6 4
1 5
t 98
1 0
7 1
12 2
8 3
13 4
2 5
t 99
3 0
12 1
8 2
7 3
13 4
4 5
t 100
8 0
7 1
6 2
2 3
1 4
12 5
t 101
3 0
12 1
8 2
13 3
7 4
4 5
t 102
9 0
18 1
19 2
14 3
13 4
7 5
t 103
3 0
1 1
2 2
7 3
6 4
5 5
t 104
0 0
10 1
5 2
6 3
11 4
12 5
t 105
15 0
17 1
16 2
12 3
11 4
5 5
t 106
1 0
5 1
6 2
10 3
11 4
2 5
t 107
1 0
11 1
6 2
5 3
10 4
2 5
t 108
7 0
11 1
12 2
17 3
16 4
15 5
t 109
8 0
7 1
6 2
1 3
2 4
12 5
t 110
1 0
7 1
12 2
13 3
8 4
3 5
t 111
9 0
13 1
14 2
18 3
19 4
7 5
t 112
1 0
7 1
13 2
8 3
12 4
2 5
t 113
3 0
8 1
13 2
12 3
7 4
4 5
t 114
15 0
17 1
16 2
11 3
12 4
7 5
t 115
1 0
6 1
10 2
11 3
5 4
2 5
t 116
1 0
6 1
10 2
5 3
11 4
2 5
t 117
1 0
12 1
7 2
13 3
8 4
3 5
t 118
12 0
10 1
11 2
5 3
6 4
1 5
t 119
3 0
13 1
8 2
12 3
7 4
4 5
t # -1