t 0
13 0
7 1
12 2
8 3
t 1
6 0
2 1
7 2
1 3
t 2
12 0
16 1
17 2
11 3
t 3
7 0
1 1
2 2
6 3
t 4
1 0
2 1
6 2
7 3
t 5
6 0
7 1
1 2
2 3
t 6
7 0
12 1
8 2
13 3
t 7
8 0
13 1
7 2
12 3
t 8
7 0
2 1
6 2
1 3
t 9
6 0
1 1
7 2
2 3
t 10
13 0
12 1
8 2
7 3
t 11
8 0
7 1
13 2
12 3
t 12
1 0
2 1
7 2
6 3
t 13
8 0
7 1
12 2
13 3
t 14
6 0
7 1
2 2
1 3
t 15
5 0
10 1
11 2
6 3
t 16
6 0
11 1
10 2
5 3
t 17
9 0
4 1
3 2
8 3
t 18
16 0
11 1
12 2
17 3
t 19
13 0
12 1
7 2
8 3
t 20
13 0
18 1
19 2
14 3
t 21
14 0
19 1
18 2
13 3
t 22
17 0
12 1
11 2
16 3
t 23
1 0
7 1
2 2
6 3
t 24
10 0
6 1
5 2
11 3
t 25
7 0
13 1
12 2
8 3
t 26
18 0
14 1
13 2
19 3
t 27
8 0
12 1
7 2
13 3
t 28
16 0
12 1
17 2
11 3
t 29
7 0
1 1
6 2
2 3
t 30
17 0
11 1
12 2
16 3
t 31
14 0
18 1
19 2
13 3
t 32
6 0
10 1
11 2
5 3
t 33
2 0
7 1
1 2
6 3
t 34
1 0
6 1
2 2
7 3
t 35
11 0
12 1
16 2
17 3
t 36
16 0
17 1
11 2
12 3
t 37
17 0
12 1
16 2
11 3
t 38
16 0
11 1
17 2
12 3
t 39
2 0
1 1
6 2
7 3
t 40
3 0
4 1
9 2
8 3
t 41
7 0
6 1
2 2
1 3
t 42
2 0
1 1
7 2
6 3
t 43
7 0
6 1
1 2
2 3
t 44
7 0
12 1
13 2
8 3
t 45
8 0
13 1
12 2
7 3
t 46
11 0
6 1
5 2
10 3
t 47
11 0
12 1
17 2
16 3
t 48
10 0
5 1
6 2
11 3
t 49
16 0
17 1
12 2
11 3
t 50
18 0
13 1
14 2
19 3
t 51
19 0
14 1
13 2
18 3
t 52
2 0
6 1
1 2
7 3
t 53
1 0
7 1
6 2
2 3
t 54
12 0
8 1
7 2
13 3
t 55
11 0
17 1
12 2
16 3
t 56
18 0
14 1
19 2
13 3
t 57
17 0
11 1
16 2
12 3
t 58
10 0
6 1
11 2
5 3
t 59
19 0
13 1
14 2
18 3
t 60
11 0
5 1
6 2
10 3
t 61
8 0
12 1
13 2
7 3
t 62
10 0
11 1
5 2
6 3
t 63
5 0
6 1
10 2
11 3
t 64
18 0
19 1
13 2
14 3
t 65
13 0
14 1
18 2
19 3
t 66
11 0
16 1
12 2
17 3
t 67
12 0
17 1
11 2
16 3
t 68
18 0
13 1
19 2
14 3
t 69
19 0
14 1
18 2
13 3
t 70
11 0
6 1
10 2
5 3
t 71
10 0
5 1
11 2
6 3
t 72
17 0
16 1
12 2
11 3
t 73
12 0
11 1
17 2
16 3
t 74
2 0
7 1
6 2
1 3
t 75
1 0
6 1
7 2
2 3
t 76
5 0
6 1
11 2
10 3
t 77
12 0
7 1
8 2
13 3
t 78
12 0
11 1
16 2
17 3
t 79
9 0
8 1
3 2
4 3
t 80
10 0
11 1
6 2
5 3
t 81
13 0
8 1
7 2
12 3
t 82
13 0
14 1
19 2
18 3
t 83
17 0
16 1
11 2
12 3
t 84
18 0
19 1
14 2
13 3
t 85
11 0
17 1
16 2
12 3
t 86
6 0
2 1
1 2
7 3
t 87
12 0
16 1
11 2
17 3
t 88
5 0
11 1
6 2
10 3
t 89
13 0
19 1
14 2
18 3
t 90
19 0
13 1
18 2
14 3
t 91
11 0
5 1
10 2
6 3
t 92
12 0
8 1
13 2
7 3
t 93
13 0
7 1
8 2
12 3
t 94
2 0
6 1
7 2
1 3
t 95
12 0
13 1
7 2
8 3
t 96
7 0
8 1
12 2
13 3
t 97
5 0
10 1
6 2
11 3
t 98
6 0
11 1
5 2
10 3
t 99
13 0
18 1
14 2
19 3
t 100
14 0
19 1
13 2
18 3
t 101
13 0
8 1
12 2
7 3
t 102
12 0
7 1
13 2
8 3
t 103
19 0
18 1
14 2
13 3
t 104
14 0
13 1
19 2
18 3
t 105
11 0
10 1
6 2
5 3
t 106
3 0
8 1
9 2
4 3
t 107
6 0
5 1
11 2
10 3
t 108
7 0
2 1
1 2
6 3
t 109
7 0
8 1
13 2
12 3
t 110
6 0
1 1
2 2
7 3
t 111
6 0
5 1
10 2
11 3
t 112
11 0
10 1
5 2
6 3
t 113
12 0
13 1
8 2
7 3
t 114
11 0
16 1
17 2
12 3
t 115
12 0
17 1
16 2
11 3
t 116
14 0
13 1
18 2
19 3
t 117
19 0
18 1
13 2
14 3
t 118
5 0
11 1
10 2
6 3
t 119
16 0
12 1
11 2
17 3
t 120
13 0
19 1
18 2
14 3
t 121
7 0
13 1
8 2
12 3
t 122
6 0
10 1
5 2
11 3
t 123
14 0
18 1
13 2
19 3
t # -1