t 0
16 0
15 1
17 2
11 3
5 4
12 5
7 6
t 1
13 0
7 1
14 2
18 3
1 4
19 5
2 6
t 2
13 0
1 1
12 2
8 3
3 4
7 5
2 6
t 3
8 0
3 1
12 2
13 3
14 4
7 5
1 6
t 4
1 0
3 1
6 2
7 3
8 4
2 5
4 6
t 5
11 0
7 1
17 2
16 3
15 4
12 5
8 6
t 6
19 0
9 1
13 2
18 3
4 4
14 5
8 6
t 7
7 0
8 1
6 2
1 3
0 4
2 5
3 6
t 8
7 0
8 1
2 2
6 3
5 4
1 5
0 6
t 9
18 0
9 1
13 2
19 3
4 4
14 5
8 6
t 10
8 0
3 1
13 2
7 3
1 4
12 5
11 6
t 11
7 0
1 1
13 2
8 3
3 4
12 5
11 6
t 12
6 0
5 1
2 2
7 3
8 4
1 5
0 6
t 13
11 0
12 1
6 2
5 3
0 4
10 5
3 6
t 14
18 0
9 1
14 2
13 3
7 4
19 5
4 6
t 15
6 0
1 1
10 2
5 3
0 4
11 5
12 6
t 16
10 0
1 1
11 2
5 3
0 4
6 5
2 6
t 17
7 0
1 1
8 2
12 3
11 4
13 5
14 6
t 18
13 0
3 1
12 2
7 3
1 4
8 5
4 6
t 19
2 0
3 1
6 2
7 3
8 4
1 5
0 6
t 20
5 0
1 1
11 2
10 3
3 4
6 5
2 6
t 21
7 0
3 1
12 2
13 3
14 4
8 5
4 6
t 22
14 0
9 1
18 2
13 3
7 4
19 5
4 6
t 23
13 0
3 1
7 2
12 3
11 4
8 5
4 6
t 24
12 0
3 1
7 2
13 3
14 4
8 5
4 6
t 25
7 0
8 1
6 2
2 3
3 4
1 5
0 6
t 26
13 0
7 1
18 2
14 3
9 4
19 5
4 6
t 27
2 0
5 1
7 2
1 3
0 4
6 5
10 6
t 28
1 0
5 1
7 2
2 3
3 4
6 5
10 6
t 29
17 0
15 1
12 2
11 3
5 4
16 5
0 6
t 30
12 0
14 1
8 2
7 3
1 4
13 5
18 6
t 31
5 0
0 1
6 2
11 3
12 4
10 5
3 6
t 32
17 0
7 1
11 2
16 3
15 4
12 5
8 6
t 33
16 0
15 1
11 2
17 3
10 4
12 5
7 6
t 34
10 0
12 1
5 2
6 3
1 4
11 5
16 6
t 35
7 0
8 1
1 2
6 3
5 4
2 5
3 6
t 36
6 0
5 1
1 2
7 3
8 4
2 5
3 6
t 37
13 0
9 1
18 2
19 3
4 4
14 5
8 6
t 38
19 0
7 1
14 2
18 3
1 4
13 5
8 6
t 39
13 0
14 1
8 2
7 3
1 4
12 5
11 6
t 40
12 0
15 1
11 2
17 3
10 4
16 5
7 6
t 41
6 0
8 1
2 2
1 3
0 4
7 5
12 6
t 42
18 0
7 1
14 2
19 3
1 4
13 5
8 6
t 43
6 0
5 1
7 2
2 3
3 4
1 5
0 6
t 44
11 0
15 1
12 2
17 3
10 4
16 5
7 6
t 45
6 0
1 1
11 2
5 3
0 4
10 5
3 6
t 46
6 0
1 1
10 2
11 3
12 4
5 5
0 6
t 47
2 0
5 1
1 2
7 3
8 4
6 5
10 6
t 48
5 0
0 1
6 2
10 3
3 4
11 5
12 6
t 49
11 0
12 1
5 2
6 3
1 4
10 5
3 6
t 50
11 0
5 1
16 2
12 3
7 4
17 5
1 6
t 51
16 0
15 1
17 2
12 3
7 4
11 5
5 6
t 52
13 0
7 1
14 2
19 3
1 4
18 5
2 6
t 53
2 0
8 1
6 2
1 3
0 4
7 5
12 6
t 54
1 0
8 1
6 2
2 3
3 4
7 5
12 6
t 55
14 0
9 1
18 2
19 3
4 4
13 5
7 6
t 56
16 0
15 1
12 2
17 3
10 4
11 5
5 6
t 57
14 0
9 1
19 2
13 3
7 4
18 5
4 6
t 58
8 0
3 1
13 2
12 3
11 4
7 5
1 6
t 59
12 0
7 1
11 2
16 3
15 4
17 5
1 6
t 60
13 0
7 1
19 2
14 3
9 4
18 5
4 6
t 61
2 0
8 1
1 2
6 3
5 4
7 5
12 6
t 62
18 0
9 1
19 2
13 3
7 4
14 5
4 6
t 63
12 0
7 1
16 2
11 3
5 4
17 5
1 6
t 64
11 0
7 1
16 2
17 3
1 4
12 5
8 6
t 65
11 0
15 1
17 2
12 3
7 4
16 5
1 6
t 66
10 0
0 1
6 2
11 3
12 4
5 5
1 6
t 67
19 0
9 1
13 2
14 3
4 4
18 5
8 6
t 68
14 0
9 1
19 2
18 3
4 4
13 5
7 6
t 69
12 0
14 1
7 2
8 3
3 4
13 5
18 6
t 70
7 0
3 1
13 2
12 3
11 4
8 5
4 6
t 71
17 0
7 1
16 2
11 3
5 4
12 5
8 6
t 72
17 0
5 1
12 2
16 3
15 4
11 5
6 6
t 73
14 0
9 1
13 2
19 3
4 4
18 5
8 6
t 74
18 0
7 1
19 2
14 3
9 4
13 5
8 6
t 75
5 0
1 1
10 2
11 3
12 4
6 5
2 6
t 76
12 0
3 1
13 2
7 3
1 4
8 5
4 6
t 77
8 0
3 1
7 2
12 3
11 4
13 5
14 6
t 78
1 0
5 1
2 2
7 3
8 4
6 5
10 6
t 79
5 0
0 1
11 2
6 3
1 4
10 5
3 6
t 80
13 0
14 1
7 2
8 3
3 4
12 5
11 6
t 81
7 0
8 1
2 2
1 3
0 4
6 5
5 6
t 82
16 0
15 1
12 2
11 3
5 4
17 5
0 6
t 83
1 0
3 1
7 2
6 3
5 4
2 5
8 6
t 84
18 0
9 1
13 2
14 3
4 4
19 5
8 6
t 85
17 0
5 1
16 2
12 3
7 4
11 5
6 6
t 86
11 0
0 1
6 2
10 3
3 4
5 5
1 6
t 87
12 0
15 1
17 2
11 3
5 4
16 5
0 6
t 88
6 0
5 1
7 2
1 3
0 4
2 5
3 6
t 89
11 0
5 1
12 2
16 3
15 4
17 5
0 6
t 90
6 0
1 1
11 2
10 3
3 4
5 5
0 6
t 91
8 0
3 1
7 2
13 3
14 4
12 5
11 6
t 92
12 0
7 1
16 2
17 3
1 4
11 5
5 6
t 93
14 0
9 1
13 2
18 3
4 4
19 5
8 6
t 94
7 0
1 1
8 2
13 3
14 4
12 5
11 6
t 95
1 0
8 1
2 2
6 3
5 4
7 5
12 6
t 96
17 0
15 1
11 2
12 3
7 4
16 5
1 6
t 97
19 0
9 1
18 2
13 3
7 4
14 5
4 6
t 98
10 0
0 1
11 2
6 3
1 4
5 5
2 6
t 99
8 0
3 1
12 2
7 3
1 4
13 5
14 6
t 100
7 0
8 1
1 2
2 3
3 4
6 5
5 6
t 101
6 0
1 1
5 2
10 3
3 4
11 5
12 6
t 102
7 0
1 1
12 2
8 3
3 4
13 5
14 6
t 103
10 0
12 1
6 2
5 3
0 4
11 5
16 6
t 104
2 0
3 1
7 2
6 3
5 4
1 5
0 6
t 105
11 0
0 1
10 2
6 3
1 4
5 5
2 6
t 106
12 0
7 1
17 2
16 3
15 4
11 5
5 6
t 107
19 0
7 1
18 2
14 3
9 4
13 5
8 6
t 108
10 0
1 1
5 2
11 3
12 4
6 5
2 6
t 109
16 0
15 1
11 2
12 3
7 4
17 5
1 6
t 110
19 0
9 1
14 2
13 3
7 4
18 5
4 6
t 111
6 0
1 1
5 2
11 3
12 4
10 5
3 6
t 112
13 0
1 1
8 2
12 3
11 4
7 5
2 6
t 113
6 0
8 1
1 2
2 3
3 4
7 5
12 6
t 114
13 0
9 1
19 2
18 3
4 4
14 5
8 6
t 115
11 0
1 1
10 2
5 3
0 4
6 5
2 6
t 116
12 0
1 1
8 2
13 3
14 4
7 5
2 6
t 117
5 0
0 1
10 2
6 3
1 4
11 5
12 6
t 118
11 0
1 1
5 2
10 3
3 4
6 5
2 6
t 119
12 0
1 1
13 2
8 3
3 4
7 5
2 6
t # -1