t 0
5 0
0 1
1 2
7 3
8 4
6 5
2 6
3 7
t 1
0 0
5 1
7 2
2 3
3 4
1 5
6 6
10 7
t 2
12 0
7 1
5 2
6 3
1 4
11 5
10 6
3 7
t 3
12 0
7 1
10 2
6 3
1 4
11 5
5 6
0 7
t 4
9 0
4 1
14 2
18 3
8 4
19 5
13 6
7 7
t 5
7 0
1 1
18 2
14 3
9 4
13 5
19 6
4 7
t 6
14 0
9 1
8 2
7 3
1 4
13 5
12 6
11 7
t 7
1 0
0 1
11 2
10 3
3 4
6 5
5 6
2 7
t 8
7 0
1 1
16 2
11 3
5 4
12 5
17 6
2 7
t 9
0 0
5 1
6 2
7 3
8 4
1 5
2 6
3 7
t 10
12 0
7 1
6 2
10 3
3 4
11 5
5 6
0 7
t 11
9 0
4 1
19 2
18 3
8 4
14 5
13 6
7 7
t 12
15 0
10 1
11 2
12 3
7 4
16 5
17 6
1 7
t 13
3 0
2 1
11 2
5 3
0 4
10 5
6 6
1 7
t 14
0 0
1 1
6 2
10 3
3 4
5 5
11 6
12 7
t 15
11 0
5 1
8 2
13 3
14 4
12 5
7 6
1 7
t 16
14 0
9 1
7 2
12 3
11 4
13 5
8 6
3 7
t 17
3 0
2 1
6 2
5 3
0 4
10 5
11 6
12 7
t 18
5 0
0 1
16 2
17 3
6 4
11 5
12 6
7 7
t 19
0 0
1 1
10 2
6 3
2 4
5 5
11 6
12 7
t 20
7 0
1 1
19 2
18 3
2 4
13 5
14 6
9 7
t 21
9 0
4 1
13 2
14 3
8 4
19 5
18 6
3 7
t 22
9 0
4 1
19 2
13 3
7 4
18 5
14 6
8 7
t 23
7 0
1 1
14 2
18 3
2 4
13 5
19 6
6 7
t 24
3 0
2 1
7 2
12 3
11 4
8 5
13 6
14 7
t 25
15 0
10 1
11 2
17 3
7 4
16 5
12 6
8 7
t 26
9 0
4 1
18 2
14 3
8 4
19 5
13 6
7 7
t 27
1 0
0 1
8 2
13 3
14 4
7 5
12 6
11 7
t 28
9 0
4 1
13 2
19 3
8 4
14 5
18 6
3 7
t 29
11 0
5 1
13 2
8 3
3 4
12 5
7 6
1 7
t 30
9 0
4 1
14 2
13 3
7 4
18 5
19 6
8 7
t 31
3 0
2 1
13 2
7 3
1 4
8 5
12 6
11 7
t 32
9 0
4 1
18 2
19 3
8 4
14 5
13 6
7 7
t 33
15 0
10 1
16 2
11 3
5 4
17 5
12 6
7 7
t 34
0 0
1 1
11 2
10 3
3 4
5 5
6 6
2 7
t 35
15 0
10 1
12 2
16 3
7 4
17 5
11 6
5 7
t 36
3 0
4 1
6 2
1 3
0 4
2 5
7 6
8 7
t 37
11 0
5 1
7 2
13 3
14 4
12 5
8 6
3 7
t 38
3 0
4 1
6 2
7 3
8 4
2 5
1 6
0 7
t 39
12 0
7 1
6 2
5 3
0 4
11 5
10 6
3 7
t 40
1 0
0 1
5 2
11 3
12 4
6 5
10 6
3 7
t 41
14 0
9 1
12 2
8 3
3 4
13 5
7 6
1 7
t 42
1 0
0 1
13 2
8 3
3 4
7 5
12 6
11 7
t 43
3 0
2 1
13 2
12 3
11 4
8 5
7 6
1 7
t 44
9 0
4 1
14 2
13 3
7 4
19 5
18 6
8 7
t 45
3 0
2 1
5 2
6 3
1 4
10 5
11 6
12 7
t 46
9 0
4 1
13 2
14 3
8 4
18 5
19 6
3 7
t 47
11 0
5 1
8 2
7 3
1 4
12 5
13 6
14 7
t 48
3 0
4 1
7 2
1 3
0 4
2 5
6 6
5 7
t 49
7 0
1 1
18 2
19 3
2 4
13 5
14 6
9 7
t 50
3 0
4 1
1 2
6 3
5 4
2 5
7 6
8 7
t 51
0 0
5 1
2 2
7 3
8 4
1 5
6 6
10 7
t 52
8 0
3 1
6 2
1 3
0 4
7 5
2 6
4 7
t 53
5 0
0 1
7 2
2 3
3 4
6 5
1 6
8 7
t 54
15 0
10 1
11 2
12 3
7 4
17 5
16 6
1 7
t 55
1 0
0 1
12 2
8 3
3 4
7 5
13 6
14 7
t 56
7 0
1 1
16 2
17 3
2 4
12 5
11 6
5 7
t 57
15 0
10 1
17 2
11 3
5 4
16 5
12 6
7 7
t 58
8 0
3 1
1 2
6 3
5 4
7 5
2 6
4 7
t 59
5 0
0 1
12 2
16 3
15 4
11 5
17 6
6 7
t 60
5 0
0 1
2 2
7 3
8 4
6 5
1 6
3 7
t 61
1 0
0 1
13 2
12 3
11 4
7 5
8 6
3 7
t 62
8 0
3 1
1 2
2 3
4 4
7 5
6 6
5 7
t 63
9 0
4 1
19 2
14 3
8 4
18 5
13 6
7 7
t 64
8 0
3 1
6 2
2 3
4 4
7 5
1 6
0 7
t 65
3 0
4 1
7 2
6 3
5 4
2 5
1 6
0 7
t 66
3 0
2 1
7 2
13 3
14 4
8 5
12 6
11 7
t 67
3 0
2 1
5 2
11 3
12 4
10 5
6 6
1 7
t 68
8 0
3 1
2 2
6 3
5 4
7 5
1 6
0 7
t 69
15 0
10 1
12 2
11 3
5 4
17 5
16 6
0 7
t 70
11 0
5 1
7 2
8 3
3 4
12 5
13 6
14 7
t 71
3 0
2 1
12 2
7 3
1 4
8 5
13 6
14 7
t 72
0 0
1 1
11 2
6 3
2 4
5 5
10 6
3 7
t 73
0 0
1 1
10 2
11 3
12 4
5 5
6 6
2 7
t 74
1 0
0 1
12 2
13 3
14 4
7 5
8 6
3 7
t 75
0 0
5 1
7 2
6 3
10 4
1 5
2 6
3 7
t 76
5 0
0 1
7 2
1 3
8 4
6 5
2 6
3 7
t 77
0 0
5 1
2 2
6 3
10 4
1 5
7 6
8 7
t 78
15 0
10 1
12 2
17 3
7 4
16 5
11 6
5 7
t 79
15 0
10 1
11 2
16 3
7 4
17 5
12 6
8 7
t 80
5 0
0 1
2 2
1 3
8 4
6 5
7 6
12 7
t 81
14 0
9 1
12 2
7 3
1 4
13 5
8 6
3 7
t 82
7 0
1 1
17 2
11 3
5 4
12 5
16 6
15 7
t 83
7 0
1 1
11 2
16 3
15 4
12 5
17 6
2 7
t 84
5 0
0 1
12 2
17 3
6 4
11 5
16 6
15 7
t 85
15 0
10 1
17 2
12 3
7 4
16 5
11 6
5 7
t 86
0 0
5 1
6 2
2 3
3 4
1 5
7 6
8 7
t 87
7 0
1 1
14 2
19 3
2 4
13 5
18 6
6 7
t 88
9 0
4 1
18 2
13 3
7 4
19 5
14 6
8 7
t 89
8 0
3 1
2 2
1 3
0 4
7 5
6 6
5 7
t 90
14 0
9 1
8 2
12 3
11 4
13 5
7 6
1 7
t 91
3 0
4 1
1 2
7 3
8 4
2 5
6 6
5 7
t 92
14 0
9 1
7 2
8 3
3 4
13 5
12 6
11 7
t 93
1 0
0 1
10 2
11 3
12 4
6 5
5 6
2 7
t 94
5 0
0 1
16 2
12 3
7 4
11 5
17 6
1 7
t 95
5 0
0 1
1 2
2 3
3 4
6 5
7 6
8 7
t 96
5 0
0 1
17 2
12 3
7 4
11 5
16 6
15 7
t 97
9 0
4 1
14 2
19 3
8 4
18 5
13 6
7 7
t 98
7 0
1 1
17 2
16 3
15 4
12 5
11 6
5 7
t 99
1 0
0 1
10 2
5 3
2 4
6 5
11 6
12 7
t 100
3 0
2 1
6 2
11 3
12 4
10 5
5 6
0 7
t 101
1 0
0 1
11 2
5 3
2 4
6 5
10 6
3 7
t 102
12 0
7 1
5 2
10 3
3 4
11 5
6 6
1 7
t 103
7 0
1 1
19 2
14 3
9 4
13 5
18 6
4 7
t 104
9 0
4 1
13 2
18 3
8 4
19 5
14 6
3 7
t 105
9 0
4 1
18 2
13 3
7 4
14 5
19 6
8 7
t 106
3 0
2 1
12 2
13 3
14 4
8 5
7 6
1 7
t 107
9 0
4 1
19 2
13 3
7 4
14 5
18 6
8 7
t 108
7 0
1 1
11 2
17 3
2 4
12 5
16 6
15 7
t 109
1 0
0 1
5 2
10 3
3 4
6 5
11 6
12 7
t 110
9 0
4 1
13 2
19 3
8 4
18 5
14 6
3 7
t 111
0 0
1 1
6 2
11 3
12 4
5 5
10 6
3 7
t 112
12 0
7 1
10 2
5 3
0 4
11 5
6 6
1 7
t 113
3 0
2 1
11 2
6 3
1 4
10 5
5 6
0 7
t 114
5 0
0 1
17 2
16 3
15 4
11 5
12 6
7 7
t 115
15 0
10 1
16 2
12 3
7 4
17 5
11 6
5 7
t 116
15 0
10 1
12 2
11 3
5 4
16 5
17 6
0 7
t 117
11 0
5 1
13 2
7 3
1 4
12 5
8 6
3 7
t 118
1 0
0 1
8 2
12 3
11 4
7 5
13 6
14 7
t 119
9 0
4 1
13 2
18 3
8 4
14 5
19 6
3 7
t # -1