t 0
5 0
1 1
2 2
0 3
7 4
6 5
10 6
11 7
t 1
18 0
9 1
7 2
1 3
4 4
14 5
19 6
13 7
t 2
8 0
3 1
1 2
4 3
9 4
7 5
12 6
13 7
t 3
12 0
3 1
4 2
1 3
9 4
13 5
8 6
7 7
t 4
7 0
3 1
4 2
1 3
2 4
13 5
8 6
12 7
t 5
8 0
3 1
1 2
4 3
9 4
7 5
13 6
12 7
t 6
12 0
3 1
4 2
9 3
1 4
7 5
13 6
8 7
t 7
7 0
3 1
4 2
1 3
9 4
8 5
13 6
12 7
t 8
7 0
3 1
4 2
9 3
1 4
12 5
13 6
8 7
t 9
12 0
3 1
4 2
9 3
2 4
8 5
7 6
13 7
t 10
8 0
3 1
1 2
4 3
9 4
12 5
7 6
13 7
t 11
18 0
9 1
7 2
1 3
4 4
19 5
13 6
14 7
t 12
1 0
8 1
12 2
13 3
3 4
6 5
2 6
7 7
t 13
13 0
3 1
4 2
9 3
1 4
7 5
12 6
8 7
t 14
5 0
1 1
2 2
7 3
0 4
11 5
10 6
6 7
t 15
7 0
3 1
4 2
1 3
2 4
12 5
8 6
13 7
t 16
18 0
9 1
7 2
1 3
4 4
13 5
14 6
19 7
t 17
1 0
8 1
12 2
5 3
3 4
2 5
7 6
6 7
t 18
1 0
8 1
12 2
3 3
4 4
6 5
7 6
2 7
t 19
1 0
8 1
12 2
5 3
3 4
7 5
2 6
6 7
t 20
13 0
3 1
4 2
1 3
9 4
8 5
12 6
7 7
t 21
7 0
3 1
4 2
9 3
1 4
13 5
12 6
8 7
t 22
8 0
3 1
1 2
4 3
9 4
13 5
12 6
7 7
t 23
5 0
1 1
2 2
0 3
3 4
10 5
6 6
11 7
t 24
12 0
3 1
4 2
9 3
1 4
7 5
8 6
13 7
t 25
13 0
3 1
4 2
9 3
1 4
7 5
8 6
12 7
t 26
1 0
8 1
12 2
13 3
3 4
2 5
6 6
7 7
t 27
18 0
9 1
7 2
1 3
4 4
13 5
19 6
14 7
t 28
7 0
3 1
4 2
1 3
9 4
8 5
12 6
13 7
t 29
5 0
1 1
2 2
0 3
3 4
11 5
6 6
10 7
t 30
18 0
9 1
7 2
1 3
4 4
19 5
14 6
13 7
t 31
8 0
3 1
1 2
4 3
9 4
12 5
13 6
7 7
t 32
12 0
3 1
4 2
1 3
9 4
8 5
13 6
7 7
t 33
5 0
1 1
2 2
0 3
7 4
6 5
11 6
10 7
t 34
5 0
1 1
2 2
7 3
0 4
10 5
11 6
6 7
t 35
12 0
3 1
4 2
9 3
2 4
13 5
7 6
8 7
t 36
13 0
3 1
4 2
9 3
2 4
8 5
7 6
12 7
t 37
13 0
3 1
4 2
9 3
2 4
12 5
7 6
8 7
t 38
8 0
3 1
1 2
4 3
9 4
13 5
7 6
12 7
t 39
18 0
9 1
7 2
1 3
4 4
14 5
13 6
19 7
t 40
13 0
3 1
4 2
1 3
9 4
12 5
8 6
7 7
t 41
1 0
8 1
12 2
3 3
4 4
7 5
6 6
2 7
t # -1