t 0
12 0
7 1
1 2
11 3
16 4
17 5
2 6
t 1
12 0
14 1
9 2
7 3
8 4
13 5
18 6
t 2
11 0
5 1
0 2
12 3
16 4
17 5
6 6
t 3
2 0
8 1
3 2
1 3
6 4
7 5
12 6
t 4
1 0
8 1
3 2
2 3
6 4
7 5
12 6
t 5
7 0
8 1
3 2
6 3
2 4
1 5
0 6
t 6
5 0
0 1
3 2
6 3
11 4
10 5
15 6
t 7
17 0
5 1
0 2
16 3
12 4
11 5
6 6
t 8
13 0
3 1
4 2
12 3
7 4
8 5
9 6
t 9
7 0
1 1
14 2
12 3
8 4
13 5
18 6
t 10
19 0
9 1
4 2
13 3
14 4
18 5
8 6
t 11
11 0
0 1
1 2
6 3
10 4
5 5
2 6
t 12
16 0
15 1
10 2
17 3
12 4
11 5
5 6
t 13
6 0
1 1
0 2
11 3
10 4
5 5
2 6
t 14
6 0
5 1
0 2
7 3
2 4
1 5
8 6
t 15
18 0
9 1
4 2
13 3
19 4
14 5
8 6
t 16
7 0
3 1
4 2
12 3
13 4
8 5
9 6
t 17
17 0
7 1
1 2
16 3
11 4
12 5
8 6
t 18
7 0
8 1
3 2
6 3
1 4
2 5
4 6
t 19
13 0
7 1
1 2
18 3
14 4
19 5
2 6
t 20
16 0
15 1
10 2
17 3
11 4
12 5
7 6
t 21
6 0
5 1
0 2
7 3
1 4
2 5
3 6
t 22
12 0
3 1
4 2
7 3
13 4
8 5
9 6
t 23
18 0
9 1
4 2
13 3
14 4
19 5
8 6
t 24
8 0
3 1
2 2
7 3
12 4
13 5
14 6
t 25
7 0
1 1
11 2
13 3
8 4
12 5
16 6
t 26
6 0
1 1
3 2
5 3
11 4
10 5
15 6
t 27
13 0
9 1
4 2
19 3
18 4
14 5
8 6
t 28
13 0
1 1
2 2
12 3
8 4
7 5
6 6
t 29
18 0
9 1
4 2
19 3
13 4
14 5
8 6
t 30
12 0
7 1
1 2
17 3
16 4
11 5
5 6
t 31
2 0
3 1
4 2
7 3
6 4
1 5
0 6
t 32
12 0
1 1
2 2
13 3
8 4
7 5
6 6
t 33
14 0
9 1
4 2
19 3
13 4
18 5
8 6
t 34
6 0
1 1
12 2
5 3
10 4
11 5
16 6
t 35
16 0
15 1
10 2
11 3
12 4
17 5
7 6
t 36
6 0
8 1
3 2
1 3
2 4
7 5
12 6
t 37
13 0
14 1
9 2
7 3
8 4
12 5
11 6
t 38
8 0
3 1
2 2
7 3
13 4
12 5
11 6
t 39
19 0
9 1
4 2
18 3
13 4
14 5
8 6
t 40
10 0
0 1
1 2
6 3
11 4
5 5
2 6
t 41
7 0
8 1
3 2
1 3
2 4
6 5
5 6
t 42
14 0
9 1
4 2
18 3
13 4
19 5
8 6
t 43
2 0
5 1
10 2
1 3
7 4
6 5
11 6
t 44
17 0
15 1
10 2
11 3
12 4
16 5
7 6
t 45
12 0
15 1
10 2
11 3
17 4
16 5
7 6
t 46
13 0
9 1
4 2
18 3
19 4
14 5
8 6
t 47
8 0
3 1
1 2
13 3
12 4
7 5
2 6
t 48
18 0
7 1
1 2
19 3
14 4
13 5
8 6
t 49
6 0
5 1
0 2
1 3
7 4
2 5
3 6
t 50
7 0
3 1
4 2
13 3
12 4
8 5
9 6
t 51
11 0
1 1
2 2
5 3
10 4
6 5
7 6
t 52
19 0
7 1
1 2
18 3
14 4
13 5
8 6
t 53
14 0
9 1
4 2
18 3
19 4
13 5
7 6
t 54
16 0
15 1
10 2
11 3
17 4
12 5
7 6
t 55
12 0
3 1
4 2
13 3
7 4
8 5
9 6
t 56
11 0
15 1
10 2
12 3
17 4
16 5
7 6
t 57
1 0
5 1
10 2
2 3
7 4
6 5
11 6
t 58
11 0
12 1
7 2
6 3
5 4
10 5
3 6
t 59
5 0
0 1
12 2
6 3
10 4
11 5
16 6
t 60
13 0
7 1
1 2
19 3
14 4
18 5
2 6
t 61
10 0
12 1
7 2
6 3
5 4
11 5
16 6
t 62
8 0
3 1
2 2
13 3
7 4
12 5
11 6
t 63
10 0
1 1
2 2
5 3
11 4
6 5
7 6
t 64
6 0
8 1
3 2
2 3
1 4
7 5
12 6
t 65
16 0
15 1
10 2
12 3
11 4
17 5
7 6
t 66
5 0
1 1
2 2
10 3
11 4
6 5
7 6
t 67
2 0
3 1
4 2
6 3
7 4
1 5
0 6
t 68
12 0
7 1
1 2
16 3
17 4
11 5
5 6
t 69
13 0
7 1
1 2
14 3
19 4
18 5
2 6
t 70
2 0
8 1
3 2
6 3
1 4
7 5
12 6
t 71
6 0
5 1
0 2
2 3
7 4
1 5
8 6
t 72
14 0
9 1
4 2
13 3
19 4
18 5
8 6
t 73
13 0
14 1
9 2
8 3
7 4
12 5
11 6
t 74
12 0
7 1
1 2
16 3
11 4
17 5
2 6
t 75
13 0
3 1
4 2
7 3
12 4
8 5
9 6
t 76
16 0
15 1
10 2
12 3
17 4
11 5
5 6
t 77
5 0
0 1
3 2
11 3
6 4
10 5
15 6
t 78
7 0
1 1
11 2
8 3
13 4
12 5
16 6
t 79
17 0
15 1
10 2
12 3
11 4
16 5
7 6
t 80
8 0
3 1
2 2
12 3
7 4
13 5
14 6
t 81
1 0
3 1
4 2
7 3
6 4
2 5
8 6
t 82
7 0
8 1
3 2
2 3
1 4
6 5
5 6
t 83
11 0
7 1
1 2
17 3
16 4
12 5
8 6
t 84
10 0
12 1
7 2
5 3
6 4
11 5
16 6
t 85
7 0
8 1
3 2
1 3
6 4
2 5
4 6
t 86
17 0
7 1
1 2
11 3
16 4
12 5
8 6
t 87
2 0
5 1
10 2
7 3
1 4
6 5
11 6
t 88
19 0
7 1
1 2
14 3
18 4
13 5
8 6
t 89
11 0
12 1
7 2
5 3
6 4
10 5
3 6
t 90
12 0
15 1
10 2
17 3
11 4
16 5
7 6
t 91
14 0
9 1
4 2
19 3
18 4
13 5
7 6
t 92
5 0
0 1
12 2
10 3
6 4
11 5
16 6
t 93
8 0
3 1
1 2
12 3
13 4
7 5
2 6
t 94
6 0
1 1
12 2
10 3
5 4
11 5
16 6
t 95
11 0
5 1
0 2
16 3
12 4
17 5
6 6
t 96
7 0
8 1
3 2
2 3
6 4
1 5
0 6
t 97
1 0
8 1
3 2
6 3
2 4
7 5
12 6
t 98
12 0
1 1
2 2
8 3
13 4
7 5
6 6
t 99
17 0
5 1
0 2
12 3
16 4
11 5
6 6
t 100
12 0
14 1
9 2
8 3
7 4
13 5
18 6
t 101
7 0
1 1
14 2
8 3
12 4
13 5
18 6
t 102
19 0
9 1
4 2
13 3
18 4
14 5
8 6
t 103
11 0
0 1
1 2
10 3
6 4
5 5
2 6
t 104
6 0
1 1
0 2
10 3
11 4
5 5
2 6
t 105
10 0
1 1
2 2
11 3
5 4
6 5
7 6
t 106
5 0
1 1
2 2
11 3
10 4
6 5
7 6
t 107
19 0
9 1
4 2
14 3
13 4
18 5
8 6
t 108
18 0
9 1
4 2
14 3
13 4
19 5
8 6
t 109
13 0
7 1
1 2
14 3
18 4
19 5
2 6
t 110
1 0
5 1
10 2
7 3
2 4
6 5
11 6
t 111
6 0
1 1
3 2
11 3
5 4
10 5
15 6
t 112
11 0
15 1
10 2
17 3
12 4
16 5
7 6
t 113
10 0
0 1
1 2
11 3
6 4
5 5
2 6
t 114
11 0
7 1
1 2
16 3
17 4
12 5
8 6
t 115
1 0
3 1
4 2
6 3
7 4
2 5
8 6
t 116
11 0
1 1
2 2
10 3
5 4
6 5
7 6
t 117
13 0
1 1
2 2
8 3
12 4
7 5
6 6
t 118
18 0
7 1
1 2
14 3
19 4
13 5
8 6
t 119
14 0
9 1
4 2
13 3
18 4
19 5
8 6
t # -1