t 0
19 0
18 1
13 2
9 3
4 4
14 5
8 6
t 1
11 0
5 1
10 2
1 3
2 4
6 5
7 6
t 2
11 0
16 1
12 2
5 3
15 4
17 5
0 6
t 3
5 0
10 1
11 2
1 3
2 4
6 5
7 6
t 4
10 0
5 1
6 2
12 3
0 4
11 5
16 6
t 5
1 0
6 1
2 2
8 3
12 4
7 5
13 6
t 6
17 0
12 1
16 2
5 3
7 4
11 5
6 6
t 7
1 0
7 1
6 2
3 3
8 4
2 5
4 6
t 8
17 0
11 1
12 2
15 3
5 4
16 5
0 6
t 9
14 0
19 1
18 2
9 3
7 4
13 5
8 6
t 10
6 0
5 1
11 2
1 3
2 4
10 5
3 6
t 11
13 0
8 1
7 2
14 3
3 4
12 5
11 6
t 12
6 0
2 1
1 2
8 3
12 4
7 5
13 6
t 13
13 0
14 1
18 2
7 3
9 4
19 5
4 6
t 14
18 0
19 1
13 2
9 3
4 4
14 5
8 6
t 15
6 0
2 1
7 2
5 3
10 4
1 5
0 6
t 16
14 0
19 1
13 2
9 3
4 4
18 5
8 6
t 17
13 0
19 1
14 2
7 3
8 4
18 5
3 6
t 18
13 0
8 1
12 2
1 3
3 4
7 5
2 6
t 19
14 0
13 1
18 2
9 3
7 4
19 5
4 6
t 20
3 0
9 1
4 2
7 3
14 4
8 5
12 6
t 21
19 0
18 1
14 2
7 3
8 4
13 5
12 6
t 22
13 0
7 1
8 2
14 3
1 4
12 5
11 6
t 23
5 0
11 1
10 2
1 3
2 4
6 5
7 6
t 24
14 0
18 1
13 2
9 3
4 4
19 5
8 6
t 25
18 0
13 1
19 2
9 3
7 4
14 5
4 6
t 26
13 0
14 1
19 2
7 3
9 4
18 5
4 6
t 27
8 0
12 1
13 2
3 3
4 4
7 5
1 6
t 28
18 0
19 1
14 2
7 3
8 4
13 5
12 6
t 29
2 0
1 1
7 2
5 3
10 4
6 5
11 6
t 30
10 0
6 1
5 2
12 3
1 4
11 5
16 6
t 31
17 0
12 1
11 2
15 3
7 4
16 5
1 6
t 32
12 0
16 1
11 2
7 3
15 4
17 5
1 6
t 33
17 0
11 1
16 2
7 3
8 4
12 5
13 6
t 34
9 0
3 1
4 2
14 3
7 4
8 5
12 6
t 35
13 0
12 1
7 2
3 3
4 4
8 5
9 6
t 36
5 0
10 1
6 2
0 3
12 4
11 5
16 6
t 37
16 0
12 1
17 2
15 3
7 4
11 5
5 6
t 38
6 0
1 1
2 2
8 3
12 4
7 5
13 6
t 39
19 0
14 1
13 2
9 3
4 4
18 5
8 6
t 40
7 0
12 1
8 2
1 3
2 4
13 5
14 6
t 41
11 0
6 1
10 2
0 3
1 4
5 5
2 6
t 42
8 0
13 1
12 2
3 3
4 4
7 5
1 6
t 43
7 0
13 1
12 2
3 3
4 4
8 5
9 6
t 44
11 0
5 1
6 2
12 3
0 4
10 5
3 6
t 45
7 0
8 1
12 2
1 3
3 4
13 5
14 6
t 46
11 0
10 1
6 2
0 3
12 4
5 5
1 6
t 47
19 0
13 1
18 2
9 3
7 4
14 5
4 6
t 48
12 0
8 1
7 2
14 3
3 4
13 5
18 6
t 49
12 0
17 1
16 2
7 3
8 4
11 5
5 6
t 50
18 0
14 1
13 2
9 3
4 4
19 5
8 6
t 51
5 0
6 1
11 2
0 3
1 4
10 5
3 6
t 52
12 0
8 1
13 2
1 3
3 4
7 5
2 6
t 53
1 0
6 1
7 2
3 3
5 4
2 5
8 6
t 54
7 0
2 1
6 2
8 3
12 4
1 5
0 6
t 55
8 0
12 1
7 2
3 3
4 4
13 5
14 6
t 56
13 0
12 1
8 2
1 3
2 4
7 5
6 6
t 57
7 0
8 1
13 2
1 3
3 4
12 5
11 6
t 58
7 0
1 1
2 2
8 3
12 4
6 5
5 6
t 59
11 0
17 1
16 2
7 3
8 4
12 5
13 6
t 60
5 0
6 1
10 2
0 3
1 4
11 5
12 6
t 61
10 0
6 1
11 2
0 3
1 4
5 5
2 6
t 62
2 0
6 1
7 2
3 3
5 4
1 5
0 6
t 63
16 0
12 1
11 2
15 3
7 4
17 5
1 6
t 64
11 0
10 1
5 2
1 3
2 4
6 5
7 6
t 65
12 0
7 1
8 2
14 3
1 4
13 5
18 6
t 66
11 0
6 1
5 2
12 3
1 4
10 5
3 6
t 67
16 0
11 1
17 2
15 3
7 4
12 5
8 6
t 68
2 0
7 1
6 2
3 3
8 4
1 5
0 6
t 69
6 0
10 1
5 2
1 3
2 4
11 5
12 6
t 70
7 0
6 1
1 2
8 3
12 4
2 5
3 6
t 71
11 0
12 1
17 2
15 3
7 4
16 5
1 6
t 72
16 0
17 1
12 2
15 3
5 4
11 5
6 6
t 73
1 0
2 1
6 2
8 3
12 4
7 5
13 6
t 74
17 0
16 1
12 2
5 3
15 4
11 5
6 6
t 75
6 0
7 1
1 2
5 3
8 4
2 5
3 6
t 76
13 0
18 1
14 2
7 3
8 4
19 5
3 6
t 77
13 0
7 1
12 2
3 3
4 4
8 5
9 6
t 78
5 0
11 1
6 2
0 3
12 4
10 5
3 6
t 79
13 0
19 1
18 2
9 3
7 4
14 5
4 6
t 80
6 0
10 1
11 2
1 3
2 4
5 5
0 6
t 81
18 0
14 1
19 2
7 3
9 4
13 5
8 6
t 82
2 0
7 1
1 2
5 3
8 4
6 5
10 6
t 83
3 0
9 1
8 2
2 3
14 4
4 5
7 6
t 84
1 0
7 1
2 2
5 3
8 4
6 5
10 6
t 85
2 0
6 1
1 2
8 3
12 4
7 5
13 6
t 86
7 0
12 1
13 2
3 3
4 4
8 5
9 6
t 87
6 0
11 1
10 2
1 3
2 4
5 5
0 6
t 88
14 0
13 1
19 2
9 3
7 4
18 5
4 6
t 89
12 0
11 1
16 2
7 3
8 4
17 5
3 6
t 90
7 0
6 1
2 2
8 3
12 4
1 5
0 6
t 91
11 0
12 1
16 2
5 3
7 4
17 5
1 6
t 92
16 0
17 1
11 2
15 3
7 4
12 5
8 6
t 93
6 0
1 1
7 2
5 3
10 4
2 5
3 6
t 94
12 0
17 1
11 2
15 3
7 4
16 5
1 6
t 95
1 0
2 1
7 2
5 3
10 4
6 5
11 6
t 96
17 0
16 1
11 2
7 3
15 4
12 5
8 6
t 97
6 0
7 1
2 2
5 3
8 4
1 5
0 6
t 98
10 0
5 1
11 2
1 3
2 4
6 5
7 6
t 99
11 0
17 1
12 2
15 3
5 4
16 5
0 6
t 100
18 0
13 1
14 2
9 3
7 4
19 5
4 6
t 101
10 0
11 1
6 2
0 3
12 4
5 5
1 6
t 102
11 0
16 1
17 2
7 3
15 4
12 5
8 6
t 103
2 0
1 1
6 2
8 3
12 4
7 5
13 6
t 104
16 0
11 1
12 2
15 3
5 4
17 5
0 6
t 105
12 0
11 1
17 2
15 3
7 4
16 5
1 6
t 106
7 0
2 1
1 2
8 3
12 4
6 5
5 6
t 107
12 0
16 1
17 2
7 3
15 4
11 5
5 6
t 108
12 0
13 1
7 2
3 3
4 4
8 5
9 6
t 109
8 0
13 1
7 2
3 3
4 4
12 5
11 6
t 110
7 0
1 1
6 2
8 3
12 4
2 5
3 6
t 111
8 0
7 1
12 2
3 3
4 4
13 5
14 6
t 112
7 0
13 1
8 2
1 3
2 4
12 5
11 6
t 113
19 0
14 1
18 2
7 3
9 4
13 5
8 6
t 114
19 0
13 1
14 2
9 3
7 4
18 5
4 6
t 115
13 0
18 1
19 2
9 3
7 4
14 5
4 6
t 116
10 0
11 1
5 2
1 3
2 4
6 5
7 6
t 117
12 0
13 1
8 2
1 3
2 4
7 5
6 6
t 118
14 0
18 1
19 2
9 3
7 4
13 5
8 6
t 119
8 0
7 1
13 2
3 3
4 4
12 5
11 6
t 120
9 0
3 1
8 2
14 3
2 4
4 5
7 6
t 121
12 0
7 1
13 2
3 3
4 4
8 5
9 6
t 122
6 0
11 1
5 2
1 3
2 4
10 5
3 6
t 123
6 0
5 1
10 2
1 3
2 4
11 5
12 6
t # -1