t 0
1 0
0 1
3 2
2 3
6 4
13 5
12 6
11 7
7 8
8 9
4 10
9 11
14 12
18 13
19 14
t 1
5 0
0 1
3 2
4 3
8 4
7 5
1 6
9 7
6 8
2 9
12 10
13 11
14 12
18 13
19 14
t 2
14 0
9 1
4 2
3 3
2 4
7 5
8 6
1 7
13 8
12 9
6 10
5 11
0 12
10 13
11 14
t 3
3 0
2 1
1 2
0 3
7 4
5 5
11 6
12 7
10 8
6 9
8 10
4 11
9 12
14 13
13 14
t 4
11 0
5 1
3 2
2 3
1 4
13 5
7 6
6 7
12 8
8 9
4 10
9 11
14 12
10 13
15 14
t 5
8 0
3 1
5 2
0 3
4 4
1 5
2 6
9 7
7 8
6 9
10 10
11 11
12 12
14 13
13 14
t 6
3 0
4 1
8 2
9 3
14 4
1 5
6 6
5 7
2 8
7 9
12 10
11 11
10 12
0 13
13 14
t 7
8 0
3 1
5 2
0 3
4 4
2 5
1 6
9 7
7 8
6 9
10 10
11 11
12 12
14 13
13 14
t 8
1 0
0 1
3 2
2 3
6 4
12 5
13 6
14 7
7 8
8 9
4 10
9 11
18 12
19 13
5 14
t 9
3 0
2 1
1 2
0 3
5 4
7 5
13 6
14 7
8 8
12 9
6 10
10 11
18 12
19 13
4 14
t 10
11 0
5 1
1 2
0 3
3 4
13 5
8 6
4 7
12 8
7 9
2 10
6 11
9 12
14 13
18 14
t 11
3 0
2 1
1 2
0 3
5 4
7 5
12 6
11 7
8 8
13 9
6 10
10 11
16 12
15 13
4 14
t 12
12 0
7 1
1 2
0 3
2 4
10 5
5 6
8 7
11 8
6 9
3 10
4 11
9 12
14 13
13 14
t 13
14 0
9 1
4 2
3 3
2 4
8 5
7 6
1 7
13 8
12 9
6 10
5 11
0 12
10 13
11 14
t 14
3 0
4 1
5 2
0 3
8 4
1 5
7 6
12 7
2 8
6 9
9 10
14 11
13 12
18 13
19 14
t 15
1 0
0 1
11 2
5 3
6 4
13 5
8 6
3 7
7 8
12 9
2 10
14 11
4 12
9 13
10 14
t 16
1 0
0 1
12 2
7 3
2 4
5 5
10 6
3 7
6 8
11 9
16 10
15 11
8 12
4 13
9 14
t 17
8 0
3 1
4 2
9 3
14 4
6 5
1 6
0 7
7 8
2 9
13 10
5 11
10 12
11 13
12 14
t 18
1 0
0 1
3 2
2 3
7 4
5 5
11 6
12 7
6 8
10 9
8 10
4 11
9 12
14 13
13 14
t 19
3 0
2 1
1 2
0 3
5 4
13 5
7 6
6 7
8 8
12 9
10 10
14 11
9 12
4 13
11 14
t 20
1 0
0 1
14 2
9 3
4 4
12 5
8 6
3 7
7 8
13 9
18 10
19 11
2 12
10 13
5 14
t 21
3 0
4 1
5 2
0 3
8 4
7 5
1 6
9 7
2 8
6 9
12 10
13 11
14 12
18 13
19 14
t 22
14 0
9 1
4 2
3 3
2 4
12 5
7 6
1 7
13 8
8 9
6 10
5 11
0 12
10 13
11 14
t 23
3 0
2 1
1 2
0 3
7 4
11 5
5 6
8 7
10 8
6 9
12 10
13 11
14 12
4 13
9 14
t 24
3 0
4 1
8 2
9 3
14 4
6 5
1 6
0 7
2 8
7 9
12 10
5 11
10 12
11 13
16 14
t 25
12 0
7 1
1 2
0 3
2 4
5 5
10 6
3 7
11 8
6 9
8 10
4 11
9 12
14 13
13 14
t 26
14 0
9 1
4 2
3 3
2 4
12 5
8 6
1 7
13 8
7 9
6 10
5 11
0 12
10 13
11 14
t 27
5 0
0 1
8 2
3 3
4 4
2 5
1 6
9 7
6 8
7 9
12 10
11 11
10 12
14 13
13 14
t 28
11 0
5 1
1 2
0 3
3 4
8 5
13 6
14 7
12 8
7 9
2 10
4 11
9 12
18 13
19 14
t 29
3 0
2 1
1 2
0 3
5 4
12 5
7 6
6 7
8 8
13 9
10 10
11 11
16 12
15 13
4 14
t 30
5 0
0 1
3 2
4 3
8 4
1 5
7 6
12 7
6 8
2 9
9 10
14 11
13 12
18 13
19 14
t 31
11 0
5 1
0 2
1 3
2 4
8 5
7 6
6 7
12 8
13 9
3 10
4 11
9 12
14 13
18 14
t 32
3 0
2 1
1 2
0 3
5 4
12 5
13 6
14 7
8 8
7 9
6 10
10 11
18 12
19 13
4 14
t 33
5 0
0 1
8 2
3 3
4 4
1 5
2 6
9 7
6 8
7 9
12 10
11 11
10 12
14 13
13 14
t 34
11 0
5 1
0 2
1 3
2 4
7 5
8 6
3 7
12 8
13 9
6 10
10 11
4 12
9 13
14 14
t 35
1 0
0 1
3 2
2 3
7 4
11 5
5 6
8 7
6 8
10 9
12 10
13 11
14 12
4 13
9 14
t 36
3 0
2 1
1 2
0 3
5 4
13 5
12 6
11 7
8 8
7 9
6 10
10 11
16 12
15 13
4 14
t 37
3 0
2 1
1 2
0 3
7 4
5 5
6 6
8 7
10 8
11 9
12 10
13 11
14 12
4 13
9 14
t 38
1 0
0 1
11 2
5 3
6 4
8 5
13 6
14 7
7 8
12 9
2 10
3 11
4 12
9 13
10 14
t 39
12 0
7 1
1 2
0 3
2 4
5 5
6 6
8 7
11 8
10 9
3 10
4 11
9 12
14 13
13 14
t 40
12 0
7 1
1 2
0 3
2 4
6 5
5 6
8 7
11 8
10 9
3 10
4 11
9 12
14 13
13 14
t 41
14 0
9 1
4 2
3 3
2 4
7 5
12 6
11 7
13 8
8 9
1 10
6 11
5 12
0 13
10 14
t 42
1 0
0 1
12 2
7 3
2 4
10 5
5 6
8 7
6 8
11 9
3 10
4 11
9 12
14 13
13 14
t 43
3 0
2 1
1 2
0 3
7 4
6 5
5 6
8 7
10 8
11 9
12 10
13 11
14 12
4 13
9 14
t 44
8 0
3 1
4 2
9 3
14 4
1 5
6 6
5 7
7 8
2 9
13 10
12 11
10 12
0 13
11 14
t 45
11 0
5 1
3 2
2 3
1 4
7 5
13 6
14 7
12 8
8 9
4 10
6 11
10 12
9 13
0 14
t 46
1 0
0 1
14 2
9 3
4 4
8 5
12 6
11 7
7 8
13 9
3 10
2 11
6 12
5 13
10 14
t 47
14 0
9 1
4 2
3 3
2 4
8 5
12 6
11 7
13 8
7 9
1 10
0 11
16 12
15 13
10 14
t # -1