t 0
5 0
12 1
16 2
17 3
7 4
11 5
t 1
12 0
6 1
10 2
5 3
1 4
11 5
t 2
1 0
12 1
8 2
13 3
2 4
7 5
t 3
0 0
10 1
11 2
6 3
3 4
5 5
t 4
7 0
16 1
11 2
17 3
15 4
12 5
t 5
9 0
19 1
18 2
13 3
4 4
14 5
t 6
14 0
8 1
7 2
12 3
3 4
13 5
t 7
12 0
5 1
6 2
10 3
0 4
11 5
t 8
5 0
2 1
7 2
1 3
10 4
6 5
t 9
15 0
11 1
17 2
12 3
5 4
16 5
t 10
9 0
19 1
13 2
14 3
4 4
18 5
t 11
5 0
17 1
12 2
16 3
6 4
11 5
t 12
1 0
11 1
5 2
10 3
2 4
6 5
t 13
12 0
10 1
5 2
6 3
16 4
11 5
t 14
0 0
2 1
6 2
7 3
3 4
1 5
t 15
3 0
6 1
1 2
7 3
5 4
2 5
t 16
9 0
13 1
14 2
19 3
7 4
18 5
t 17
9 0
13 1
19 2
18 3
7 4
14 5
t 18
11 0
13 1
7 2
8 3
14 4
12 5
t 19
7 0
17 1
11 2
16 3
8 4
12 5
t 20
15 0
12 1
11 2
17 3
7 4
16 5
t 21
7 0
19 1
18 2
14 3
8 4
13 5
t 22
11 0
7 1
13 2
8 3
1 4
12 5
t 23
11 0
8 1
7 2
13 3
3 4
12 5
t 24
3 0
6 1
7 2
1 3
5 4
2 5
t 25
8 0
6 1
2 2
1 3
12 4
7 5
t 26
15 0
16 1
12 2
11 3
10 4
17 5
t 27
1 0
8 1
12 2
13 3
3 4
7 5
t 28
1 0
13 1
12 2
8 3
2 4
7 5
t 29
8 0
1 1
2 2
6 3
12 4
7 5
t 30
5 0
2 1
1 2
7 3
10 4
6 5
t 31
3 0
7 1
1 2
6 3
8 4
2 5
t 32
14 0
7 1
12 2
8 3
1 4
13 5
t 33
5 0
7 1
2 2
1 3
8 4
6 5
t 34
7 0
18 1
19 2
14 3
8 4
13 5
t 35
8 0
6 1
1 2
2 3
12 4
7 5
t 36
9 0
13 1
14 2
18 3
7 4
19 5
t 37
11 0
8 1
13 2
7 3
3 4
12 5
t 38
7 0
11 1
16 2
17 3
8 4
12 5
t 39
9 0
19 1
14 2
13 3
4 4
18 5
t 40
15 0
12 1
11 2
16 3
7 4
17 5
t 41
5 0
1 1
7 2
2 3
10 4
6 5
t 42
0 0
11 1
6 2
10 3
12 4
5 5
t 43
5 0
12 1
17 2
16 3
7 4
11 5
t 44
0 0
6 1
7 2
2 3
5 4
1 5
t 45
9 0
18 1
13 2
14 3
4 4
19 5
t 46
3 0
13 1
12 2
7 3
4 4
8 5
t 47
5 0
17 1
16 2
12 3
6 4
11 5
t 48
8 0
2 1
6 2
1 3
12 4
7 5
t 49
1 0
5 1
11 2
10 3
2 4
6 5
t 50
3 0
5 1
6 2
11 3
0 4
10 5
t 51
9 0
14 1
18 2
13 3
4 4
19 5
t 52
14 0
12 1
7 2
8 3
18 4
13 5
t 53
5 0
16 1
12 2
17 3
15 4
11 5
t 54
14 0
8 1
12 2
7 3
3 4
13 5
t 55
8 0
1 1
6 2
2 3
12 4
7 5
t 56
9 0
14 1
19 2
13 3
4 4
18 5
t 57
0 0
11 1
10 2
6 3
12 4
5 5
t 58
3 0
7 1
6 2
1 3
8 4
2 5
t 59
9 0
18 1
14 2
13 3
4 4
19 5
t 60
14 0
7 1
8 2
12 3
1 4
13 5
t 61
15 0
11 1
12 2
17 3
5 4
16 5
t 62
1 0
12 1
13 2
8 3
2 4
7 5
t 63
0 0
10 1
6 2
11 3
3 4
5 5
t 64
0 0
6 1
11 2
10 3
1 4
5 5
t 65
7 0
11 1
17 2
16 3
8 4
12 5
t 66
9 0
19 1
13 2
18 3
4 4
14 5
t 67
9 0
13 1
18 2
14 3
7 4
19 5
t 68
3 0
1 1
6 2
7 3
0 4
2 5
t 69
3 0
11 1
5 2
6 3
12 4
10 5
t 70
11 0
13 1
8 2
7 3
14 4
12 5
t 71
1 0
11 1
10 2
5 3
2 4
6 5
t 72
0 0
7 1
6 2
2 3
8 4
1 5
t 73
11 0
7 1
8 2
13 3
1 4
12 5
t 74
9 0
18 1
19 2
13 3
4 4
14 5
t 75
9 0
13 1
19 2
14 3
7 4
18 5
t 76
3 0
13 1
7 2
12 3
4 4
8 5
t 77
15 0
17 1
11 2
12 3
10 4
16 5
t 78
3 0
7 1
13 2
12 3
4 4
8 5
t 79
7 0
14 1
18 2
19 3
9 4
13 5
t 80
15 0
11 1
12 2
16 3
5 4
17 5
t 81
3 0
12 1
13 2
7 3
4 4
8 5
t 82
12 0
6 1
5 2
10 3
1 4
11 5
t 83
1 0
5 1
10 2
11 3
2 4
6 5
t 84
7 0
17 1
16 2
11 3
8 4
12 5
t 85
5 0
7 1
1 2
2 3
8 4
6 5
t 86
1 0
10 1
5 2
11 3
2 4
6 5
t 87
15 0
12 1
16 2
11 3
7 4
17 5
t 88
7 0
18 1
14 2
19 3
8 4
13 5
t 89
0 0
6 1
10 2
11 3
1 4
5 5
t 90
14 0
12 1
8 2
7 3
18 4
13 5
t 91
3 0
1 1
7 2
6 3
0 4
2 5
t 92
7 0
16 1
17 2
11 3
15 4
12 5
t 93
3 0
12 1
7 2
13 3
4 4
8 5
t 94
12 0
10 1
6 2
5 3
16 4
11 5
t 95
5 0
1 1
2 2
7 3
10 4
6 5
t 96
8 0
2 1
1 2
6 3
12 4
7 5
t 97
3 0
6 1
5 2
11 3
1 4
10 5
t 98
12 0
5 1
10 2
6 3
0 4
11 5
t 99
9 0
14 1
13 2
19 3
4 4
18 5
t 100
3 0
7 1
12 2
13 3
4 4
8 5
t 101
0 0
7 1
2 2
6 3
8 4
1 5
t 102
7 0
14 1
19 2
18 3
9 4
13 5
t 103
1 0
8 1
13 2
12 3
3 4
7 5
t 104
1 0
10 1
11 2
5 3
2 4
6 5
t 105
15 0
16 1
11 2
12 3
10 4
17 5
t 106
15 0
11 1
16 2
12 3
5 4
17 5
t 107
3 0
5 1
11 2
6 3
0 4
10 5
t 108
7 0
19 1
14 2
18 3
8 4
13 5
t 109
3 0
11 1
6 2
5 3
12 4
10 5
t 110
15 0
12 1
17 2
11 3
7 4
16 5
t 111
9 0
18 1
13 2
19 3
4 4
14 5
t 112
5 0
16 1
17 2
12 3
15 4
11 5
t 113
0 0
2 1
7 2
6 3
3 4
1 5
t 114
3 0
6 1
11 2
5 3
1 4
10 5
t 115
0 0
6 1
2 2
7 3
5 4
1 5
t 116
9 0
13 1
18 2
19 3
7 4
14 5
t 117
9 0
14 1
13 2
18 3
4 4
19 5
t 118
15 0
17 1
12 2
11 3
10 4
16 5
t 119
1 0
13 1
8 2
12 3
2 4
7 5
t # -1