t 0
2 0
1 1
0 2
4 3
9 4
5 5
6 6
3 7
8 8
7 9
12 10
10 11
13 12
11 13
14 14
t 1
6 0
1 1
0 2
8 3
3 4
5 5
2 6
11 7
12 8
7 9
10 10
15 11
13 12
4 13
16 14
t 2
7 0
1 1
0 2
4 3
9 4
5 5
6 6
8 7
3 8
2 9
12 10
10 11
11 12
14 13
13 14
t 3
12 0
8 1
3 2
4 3
9 4
2 5
13 6
11 7
6 8
7 9
1 10
10 11
14 12
5 13
18 14
t 4
7 0
8 1
3 2
4 3
9 4
2 5
13 6
6 7
11 8
12 9
1 10
10 11
14 12
18 13
19 14
t 5
7 0
1 1
0 2
8 3
3 4
5 5
2 6
12 7
11 8
6 9
10 10
15 11
4 12
9 13
16 14
t 6
12 0
16 1
15 2
1 3
0 4
10 5
17 6
7 7
6 8
11 9
2 10
3 11
5 12
8 13
4 14
t 7
2 0
6 1
5 2
10 3
11 4
0 5
1 6
3 7
8 8
7 9
4 10
9 11
12 12
13 13
14 14
t 8
7 0
6 1
5 2
10 3
11 4
0 5
1 6
8 7
3 8
2 9
4 10
9 11
14 12
15 13
12 14
t 9
10 0
11 1
12 2
16 3
15 4
7 5
5 6
3 7
2 8
6 9
1 10
8 11
0 12
17 13
4 14
t 10
8 0
13 1
14 2
18 3
19 4
9 5
12 6
3 7
2 8
7 9
4 10
1 11
6 12
11 13
16 14
t 11
2 0
1 1
0 2
8 3
4 4
5 5
7 6
3 7
10 8
6 9
11 10
12 11
13 12
9 13
15 14
t 12
11 0
10 1
3 2
15 3
16 4
2 5
5 6
12 7
7 8
6 9
1 10
4 11
0 12
8 13
13 14
t 13
6 0
5 1
0 2
1 3
7 4
8 5
11 6
2 7
3 8
10 9
4 10
9 11
12 12
16 13
17 14
t 14
7 0
13 1
14 2
18 3
19 4
9 5
12 6
2 7
3 8
8 9
4 10
1 11
11 12
10 13
16 14
t 15
11 0
16 1
15 2
1 3
0 4
10 5
17 6
6 7
7 8
12 9
2 10
3 11
8 12
13 13
4 14
t 16
12 0
13 1
14 2
18 3
19 4
9 5
8 6
11 7
6 8
7 9
4 10
3 11
1 12
2 13
5 14
t 17
7 0
13 1
14 2
18 3
19 4
9 5
8 6
6 7
11 8
12 9
4 10
3 11
16 12
17 13
5 14
t 18
6 0
11 1
12 2
16 3
15 4
7 5
5 6
2 7
3 8
10 9
1 10
8 11
0 12
4 13
9 14
t 19
8 0
4 1
14 2
12 3
11 4
13 5
9 6
7 7
2 8
3 9
1 10
18 11
10 12
6 13
5 14
t 20
8 0
12 1
11 2
16 3
15 4
5 5
13 6
3 7
2 8
7 9
0 10
6 11
1 12
17 13
14 14
t 21
6 0
1 1
0 2
8 3
4 4
5 5
7 6
10 7
3 8
2 9
11 10
12 11
13 12
9 13
14 14
t 22
6 0
2 1
3 2
8 3
4 4
10 5
1 6
11 7
12 8
7 9
13 10
14 11
0 12
9 13
16 14
t 23
7 0
12 1
11 2
16 3
15 4
5 5
13 6
2 7
3 8
8 9
0 10
6 11
4 12
9 13
10 14
t 24
7 0
2 1
3 2
8 3
4 4
10 5
1 6
12 7
11 8
6 9
13 10
14 11
5 12
9 13
16 14
t 25
11 0
5 1
0 2
1 3
2 4
8 5
10 6
12 7
7 8
6 9
3 10
4 11
15 12
13 13
9 14
t 26
6 0
5 1
0 2
1 3
2 4
8 5
10 6
7 7
12 8
11 9
3 10
4 11
16 12
13 13
17 14
t 27
6 0
7 1
8 2
12 3
11 4
4 5
1 6
10 7
3 8
2 9
9 10
14 11
0 12
13 13
5 14
t 28
6 0
10 1
3 2
15 3
16 4
2 5
5 6
7 7
12 8
11 9
1 10
4 11
0 12
8 13
13 14
t 29
2 0
7 1
8 2
12 3
11 4
4 5
1 6
3 7
10 8
6 9
9 10
14 11
5 12
13 13
15 14
t 30
10 0
5 1
0 2
1 3
7 4
8 5
11 6
3 7
2 8
6 9
4 10
9 11
12 12
16 13
17 14
t # -1