t 0
14 0
9 1
4 2
7 3
12 4
11 5
13 6
8 7
3 8
2 9
t 1
5 0
0 1
8 2
7 3
2 4
3 5
6 6
1 7
4 8
9 9
t 2
8 0
3 1
4 2
6 3
2 4
9 5
7 6
1 7
14 8
13 9
t 3
3 0
2 1
1 2
5 3
6 4
7 5
10 6
11 7
8 8
4 9
t 4
1 0
0 1
3 2
11 3
5 4
2 5
6 6
10 7
7 8
8 9
t 5
15 0
10 1
5 2
17 3
12 4
7 5
16 6
11 7
1 8
0 9
t 6
3 0
2 1
1 2
7 3
13 4
14 5
8 6
12 7
9 8
4 9
t 7
1 0
0 1
3 2
13 3
12 4
11 5
7 6
8 7
4 8
9 9
t 8
0 0
5 1
10 2
6 3
7 4
8 5
1 6
2 7
3 8
4 9
t 9
0 0
1 1
12 2
10 3
6 4
2 5
5 6
11 7
7 8
8 9
t 10
7 0
1 1
5 2
17 3
16 4
15 5
12 6
11 7
10 8
3 9
t 11
5 0
0 1
8 2
2 3
1 4
3 5
6 6
7 7
12 8
11 9
t 12
1 0
0 1
11 2
8 3
13 4
14 5
7 6
12 7
9 8
4 9
t 13
15 0
10 1
7 2
11 3
17 4
1 5
16 6
12 7
8 8
3 9
t 14
5 0
0 1
3 2
1 3
7 4
8 5
6 6
2 7
4 8
9 9
t 15
5 0
0 1
7 2
16 3
17 4
1 5
11 6
12 7
8 8
3 9
t 16
12 0
7 1
1 2
6 3
5 4
0 5
11 6
10 7
3 8
2 9
t 17
1 0
0 1
2 2
11 3
10 4
3 5
6 6
5 7
4 8
8 9
t 18
1 0
0 1
2 2
10 3
11 4
12 5
6 6
5 7
7 8
8 9
t 19
11 0
5 1
0 2
8 3
7 4
1 5
12 6
13 7
2 8
3 9
t 20
12 0
7 1
1 2
6 3
10 4
3 5
11 6
5 7
0 8
2 9
t 21
3 0
2 1
1 2
12 3
7 4
6 5
8 6
13 7
5 8
0 9
t 22
7 0
1 1
0 2
19 3
14 4
9 5
13 6
18 7
4 8
3 9
t 23
3 0
2 1
0 2
6 3
11 4
12 5
10 6
5 7
7 8
1 9
t 24
0 0
5 1
10 2
7 3
6 4
11 5
1 6
2 7
3 8
4 9
t 25
9 0
4 1
3 2
13 3
19 4
8 5
14 6
18 7
7 8
1 9
t 26
1 0
0 1
3 2
12 3
13 4
14 5
7 6
8 7
4 8
9 9
t 27
7 0
1 1
0 2
14 3
19 4
2 5
13 6
18 7
3 8
4 9
t 28
12 0
7 1
1 2
5 3
6 4
2 5
11 6
10 7
3 8
4 9
t 29
12 0
7 1
1 2
10 3
6 4
2 5
11 6
5 7
0 8
8 9
t 30
3 0
4 1
5 2
7 3
1 4
0 5
2 6
6 7
10 8
11 9
t 31
8 0
3 1
4 2
1 3
6 4
5 5
7 6
2 7
10 8
11 9
t 32
14 0
9 1
4 2
8 3
12 4
11 5
13 6
7 7
1 8
0 9
t 33
3 0
2 1
0 2
11 3
6 4
1 5
10 6
5 7
7 8
8 9
t 34
0 0
5 1
8 2
6 3
2 4
3 5
1 6
7 7
12 8
11 9
t 35
9 0
4 1
3 2
18 3
13 4
7 5
19 6
14 7
1 8
0 9
t 36
7 0
1 1
15 2
17 3
11 4
5 5
12 6
16 7
0 8
2 9
t 37
1 0
0 1
12 2
10 3
5 4
2 5
6 6
11 7
3 8
4 9
t 38
7 0
1 1
0 2
14 3
18 4
2 5
13 6
19 7
3 8
4 9
t 39
7 0
1 1
9 2
19 3
18 4
4 5
13 6
14 7
3 8
2 9
t 40
8 0
3 1
4 2
2 3
6 4
5 5
7 6
1 7
10 8
11 9
t 41
3 0
2 1
1 2
5 3
11 4
12 5
10 6
6 7
7 8
8 9
t 42
5 0
0 1
1 2
16 3
12 4
7 5
11 6
17 7
2 8
3 9
t 43
12 0
7 1
1 2
5 3
10 4
3 5
11 6
6 7
2 8
8 9
t 44
15 0
10 1
5 2
12 3
17 4
0 5
16 6
11 7
6 8
1 9
t 45
3 0
4 1
8 2
6 3
1 4
0 5
2 6
7 7
12 8
11 9
t 46
1 0
0 1
11 2
13 3
8 4
3 5
7 6
12 7
4 8
9 9
t 47
7 0
1 1
0 2
16 3
11 4
5 5
12 6
17 7
6 8
2 9
t 48
3 0
2 1
1 2
13 3
7 4
6 5
8 6
12 7
5 8
0 9
t 49
5 0
0 1
8 2
2 3
7 4
12 5
6 6
1 7
13 8
14 9
t 50
7 0
1 1
9 2
18 3
19 4
4 5
13 6
14 7
3 8
2 9
t 51
9 0
4 1
3 2
13 3
18 4
8 5
14 6
19 7
7 8
1 9
t 52
8 0
3 1
5 2
1 3
2 4
4 5
7 6
6 7
10 8
11 9
t 53
7 0
1 1
0 2
18 3
14 4
9 5
13 6
19 7
4 8
3 9
t 54
3 0
2 1
1 2
7 3
12 4
11 5
8 6
13 7
14 8
9 9
t 55
3 0
2 1
1 2
12 3
13 4
14 5
8 6
7 7
6 8
5 9
t 56
1 0
0 1
14 2
8 3
12 4
11 5
7 6
13 7
18 8
19 9
t 57
9 0
4 1
3 2
19 3
18 4
8 5
14 6
13 7
7 8
1 9
t 58
11 0
5 1
1 2
8 3
13 4
14 5
12 6
7 7
2 8
3 9
t 59
0 0
5 1
10 2
7 3
2 4
3 5
1 6
6 7
11 8
12 9
t 60
5 0
0 1
3 2
7 3
1 4
8 5
6 6
2 7
4 8
9 9
t 61
5 0
0 1
15 2
17 3
12 4
7 5
11 6
16 7
1 8
2 9
t 62
11 0
5 1
0 2
7 3
8 4
3 5
12 6
13 7
4 8
9 9
t 63
14 0
9 1
4 2
12 3
7 4
1 5
13 6
8 7
3 8
2 9
t 64
1 0
0 1
3 2
5 3
11 4
12 5
6 6
10 7
7 8
2 9
t 65
11 0
5 1
3 2
13 3
7 4
1 5
12 6
8 7
4 8
9 9
t 66
1 0
0 1
14 2
12 3
8 4
3 5
7 6
13 7
4 8
9 9
t 67
9 0
4 1
3 2
14 3
13 4
7 5
19 6
18 7
1 8
0 9
t 68
9 0
4 1
3 2
18 3
19 4
8 5
14 6
13 7
7 8
1 9
t 69
0 0
1 1
3 2
6 3
11 4
12 5
5 6
10 7
7 8
2 9
t 70
9 0
4 1
3 2
14 3
18 4
8 5
19 6
13 7
7 8
1 9
t 71
0 0
5 1
8 2
2 3
6 4
10 5
1 6
7 7
12 8
11 9
t 72
9 0
4 1
3 2
19 3
13 4
7 5
14 6
18 7
1 8
0 9
t 73
7 0
1 1
0 2
11 3
16 4
15 5
12 6
17 7
10 8
3 9
t 74
5 0
0 1
1 2
12 3
16 4
15 5
11 6
17 7
10 8
3 9
t 75
0 0
1 1
3 2
11 3
6 4
2 5
5 6
10 7
7 8
8 9
t 76
5 0
0 1
7 2
17 3
16 4
15 5
11 6
12 7
10 8
3 9
t 77
8 0
3 1
5 2
2 3
1 4
0 5
7 6
6 7
10 8
11 9
t 78
12 0
7 1
1 2
10 3
5 4
0 5
11 6
6 7
2 8
3 9
t 79
3 0
2 1
1 2
11 3
5 4
0 5
10 6
6 7
7 8
8 9
t 80
9 0
4 1
3 2
18 3
13 4
7 5
14 6
19 7
1 8
0 9
t 81
5 0
0 1
8 2
1 3
2 4
3 5
6 6
7 7
12 8
11 9
t 82
11 0
5 1
3 2
7 3
13 4
14 5
12 6
8 7
4 8
9 9
t 83
3 0
2 1
1 2
6 3
5 4
0 5
10 6
11 7
12 8
7 9
t 84
7 0
1 1
15 2
11 3
17 4
2 5
12 6
16 7
3 8
4 9
t 85
7 0
1 1
5 2
16 3
17 4
2 5
12 6
11 7
3 8
4 9
t 86
3 0
4 1
8 2
1 3
6 4
5 5
2 6
7 7
12 8
11 9
t 87
3 0
2 1
1 2
13 3
12 4
11 5
8 6
7 7
6 8
5 9
t 88
9 0
4 1
3 2
18 3
14 4
8 5
19 6
13 7
7 8
1 9
t 89
9 0
4 1
3 2
13 3
14 4
8 5
19 6
18 7
7 8
1 9
t 90
3 0
4 1
5 2
1 3
7 4
8 5
2 6
6 7
9 8
14 9
t 91
3 0
4 1
8 2
6 3
7 4
12 5
2 6
1 7
13 8
14 9
t 92
15 0
10 1
3 2
12 3
11 4
5 5
16 6
17 7
0 8
1 9
t 93
15 0
10 1
7 2
17 3
11 4
5 5
16 6
12 7
0 8
1 9
t 94
0 0
5 1
10 2
2 3
7 4
8 5
1 6
6 7
3 8
4 9
t 95
0 0
1 1
2 2
10 3
11 4
12 5
5 6
6 7
7 8
8 9
t 96
3 0
4 1
8 2
7 3
6 4
5 5
2 6
1 7
10 8
11 9
t 97
1 0
0 1
12 2
5 3
10 4
3 5
6 6
11 7
2 8
7 9
t 98
5 0
0 1
15 2
12 3
17 4
6 5
11 6
16 7
1 8
2 9
t 99
14 0
9 1
4 2
7 3
8 4
3 5
13 6
12 7
2 8
1 9
t 100
14 0
9 1
4 2
12 3
8 4
3 5
13 6
7 7
1 8
0 9
t 101
0 0
1 1
12 2
6 3
10 4
3 5
5 6
11 7
2 8
7 9
t 102
0 0
1 1
2 2
11 3
10 4
3 5
5 6
6 7
7 8
8 9
t 103
8 0
3 1
4 2
6 3
1 4
0 5
7 6
2 7
5 8
10 9
t 104
11 0
5 1
1 2
13 3
8 4
3 5
12 6
7 7
4 8
9 9
t 105
9 0
4 1
3 2
13 3
18 4
8 5
19 6
14 7
7 8
1 9
t 106
15 0
10 1
3 2
11 3
12 4
7 5
16 6
17 7
1 8
0 9
t 107
14 0
9 1
4 2
8 3
7 4
1 5
13 6
12 7
2 8
3 9
t # -1