3_17_13
0: 36 22 0
1: 78 52 6
2: 36 22 0
4: 36 22 0
4_49_16
0: 6 5 0
1: 13 10 1
2: 6 5 0
4: 13 9 1
4gt4-v0_72
0: 258 137 0
1: 489 296 33
2: 321 167 9
4: 475 270 31
4gt4-v0_73
0: 395 227 0
1: 857 540 66
2: 563 336 24
4: 766 474 53
4gt4-v0_78
0: 235 137 0
1: 564 346 47
2: 438 254 27
4: 270 154 5
4gt4-v0_79
0: 231 132 0
1: 553 342 46
2: 420 244 27
4: 252 144 3
4gt4-v0_80
0: 179 101 0
1: 312 188 19
2: 319 196 20
4: 291 176 16
4gt4-v1_74
0: 273 154 0
1: 511 313 34
2: 364 208 13
4: 399 238 18
4gt5_75
0: 83 47 0
1: 195 121 16
2: 132 79 7
4: 160 102 11
4gt5_76
0: 91 56 0
1: 266 169 25
2: 168 101 11
4: 168 111 11
4gt5_77
0: 131 74 0
1: 278 173 21
2: 208 120 11
4: 222 121 13
4gt10-v1_81
0: 148 84 0
1: 344 218 28
2: 218 133 10
4: 204 123 8
4gt11_82
0: 27 20 0
1: 34 25 1
2: 41 26 2
4: 34 25 1
4gt11_83
0: 23 16 0
1: 23 16 0
2: 30 17 1
4: 23 16 0
4gt11_84
0: 18 11 0
1: 39 25 3
2: 39 25 3
4: 18 11 0
4gt12-v0_86
0: 251 135 0
1: 608 354 51
2: 377 207 18
4: 272 150 3
4gt12-v0_87
0: 247 131 0
1: 597 345 50
2: 359 193 16
4: 261 141 2
4gt12-v0_88
0: 194 108 0
1: 411 261 31
2: 348 204 21
4: 383 237 27
4gt13_90
0: 107 65 0
1: 198 127 13
2: 163 104 8
4: 128 79 3
4gt13_91
0: 103 61 0
1: 173 108 10
2: 145 91 6
4: 117 70 2
4gt13_92
0: 66 38 0
1: 164 103 14
2: 108 67 6
4: 66 38 0
4gt13-v1_93
0: 68 39 0
1: 159 103 13
2: 117 70 7
4: 68 39 0
4mod5-bdd_287
0: 70 41 0
1: 126 71 8
2: 105 61 5
4: 112 71 6
4mod5-v0_18
0: 69 40 0
1: 97 55 4
2: 90 55 3
4: 97 58 4
4mod5-v0_19
0: 35 21 0
1: 35 21 0
2: 42 26 1
4: 35 21 0
4mod5-v0_20
0: 20 12 0
1: 48 32 4
2: 27 17 1
4: 20 12 0
4mod5-v1_22
0: 21 12 0
1: 56 37 5
2: 21 12 0
4: 21 12 0
4mod5-v1_23
0: 69 41 0
1: 97 56 4
2: 97 61 4
4: 97 61 4
4mod5-v1_24
0: 36 21 0
1: 57 36 3
2: 36 21 0
4: 36 21 0
4mod7-v0_94
0: 162 92 0
1: 400 262 34
2: 267 156 15
4: 267 155 15
4mod7-v1_96
0: 164 94 0
1: 353 223 27
2: 262 153 14
4: 262 164 14
9symml_195
0: 34881 19235 0
4: 67459 38106 4654
0410184_169
0: 211 104 0
1: 540 294 47
4: 253 134 6
adr4_197
0: 3439 1839 0
1: 7457 4175 574
4: 7051 3907 516
aj-e11_165
0: 151 86 0
1: 382 250 33
2: 193 116 6
4: 193 116 6
alu-bdd_288
0: 84 48 0
1: 182 108 14
2: 119 66 5
4: 154 98 10
alu-v0_26
0: 84 49 0
1: 175 108 13
2: 154 99 10
4: 175 110 13
alu-v0_27
0: 36 21 0
1: 113 63 11
2: 43 26 1
4: 57 36 3
alu-v1_28
0: 37 22 0
1: 100 52 9
2: 44 27 1
4: 58 37 3
alu-v1_29
0: 37 22 0
1: 114 64 11
2: 44 27 1
4: 58 37 3
alu-v2_30
0: 504 285 0
1: 1204 726 100
2: 756 448 36
4: 910 550 58
alu-v2_31
0: 451 255 0
1: 990 619 77
2: 591 355 20
4: 731 449 40
alu-v2_32
0: 163 92 0
1: 352 215 27
2: 275 166 16
4: 296 187 19
alu-v2_33
0: 37 22 0
1: 93 59 8
2: 51 29 2
4: 58 37 3
alu-v3_34
0: 52 30 0
1: 101 62 7
2: 59 35 1
4: 80 50 4
alu-v3_35
0: 37 22 0
1: 93 60 8
2: 58 37 3
4: 58 37 3
alu-v4_36
0: 115 66 0
1: 269 170 22
2: 192 111 11
4: 129 76 2
alu-v4_37
0: 37 22 0
1: 93 60 8
2: 44 26 1
4: 58 37 3
C17_204
0: 467 253 0
1: 1104 658 91
2: 691 373 32
4: 1013 596 78
clip_206
0: 33827 17879 0
4: 69933 38162 5158
cm82a_208
0: 650 340 0
1: 1231 708 83
2: 923 484 39
4: 1280 745 90
cm85a_209
0: 11414 6374 0
1: 22488 12667 1582
4: 22810 13146 1628
cnt3-5_179
0: 175 61 0
1: 525 194 50
4: 203 81 4
co14_215
0: 17936 8570 0
1: 39363 19103 3061
4: 39027 19122 3013
con1_216
0: 954 508 0
1: 2046 1175 156
2: 1409 759 65
4: 2214 1217 180
cycle10_2_110
0: 6050 3386 0
1: 12588 7105 934
2: 11398 6495 764
4: 12077 7006 861
decod24-bdd_294
0: 73 40 0
1: 136 85 9
2: 108 60 5
4: 122 75 7
decod24-enable_126
0: 338 190 0
1: 793 503 65
2: 527 318 27
4: 681 423 49
decod24-v0_38
0: 51 30 0
1: 93 60 6
2: 51 30 0
4: 51 30 0
decod24-v1_41
0: 85 50 0
1: 176 115 13
2: 127 79 6
4: 92 55 1
decod24-v2_43
0: 52 30 0
1: 115 75 9
2: 52 30 0
4: 52 30 0
decod24-v3_45
0: 150 84 0
1: 374 229 32
2: 220 130 10
4: 262 146 16
dist_223
0: 38046 19694 0
1: 77680 41959 5662
4: 631 309 46
ex-1_166
0: 19 12 0
1: 40 27 3
2: 19 12 0
4: 19 12 0
ex1_226
0: 7 5 0
1: 14 10 1
2: 7 5 0
4: 7 5 0
ex2_227
0: 631 355 0
1: 1366 822 105
2: 925 541 42
4: 855 502 32
ex3_229
0: 403 226 0
1: 634 363 33
2: 494 276 13
4: 473 271 10
f2_232
0: 1206 668 0
1: 2676 1587 210
2: 1752 1015 78
4: 2291 1321 155
graycode6_47
0: 5 5 0
1: 5 5 0
2: 5 5 0
4: 5 5 0
ham3_102
0: 20 13 0
1: 41 28 3
2: 20 13 0
4: 20 13 0
ham7_104
0: 320 185 0
1: 796 491 68
2: 502 299 26
4: 495 299 25
hwb4_49
0: 233 134 0
1: 534 340 43
2: 352 214 17
4: 352 219 17
hwb5_53
0: 1336 758 0
1: 2449 1464 159
2: 2435 1496 157
4: 2071 1231 105
hwb6_56
0: 6723 3736 0
1: 12554 7473 833
2: 12162 7086 775
4: 11714 6943 713
hwb7_59
0: 24379 13437 0
1: 47976 27840 3371
2: 41865 24275 2494
4: 47871 27829 3356
hwb8_113
0: 69380 38717 0
1: 141207 82541 10261
4: 136839 79334 9637
ising_model_10
0: 480 97 0
1: 529 106 7
2: 522 107 6
4: 480 97 0
ising_model_13
0: 633 92 0
1: 850 179 31
2: 675 97 6
4: 633 92 0
ising_model_16
0: 786 90 0
4: 786 90 0
life_238
0: 22445 12511 0
1: 45328 25805 3269
majority_239
0: 612 344 0
1: 1319 789 101
2: 892 515 40
4: 906 540 42
max46_240
0: 27126 14257 0
1: 57037 31507 4273
4: 53124 29403 3714
miller_11
0: 50 29 0
1: 113 74 9
2: 50 29 0
4: 50 29 0
mini-alu_167
0: 288 162 0
1: 631 383 49
2: 484 296 28
4: 428 245 20
misex1_241
0: 4813 2676 0
1: 9706 5667 699
2: 8446 4809 519
4: 9335 5398 646
mlp4_245
0: 18852 10328 0
1: 38872 21577 2860
4: 37514 20804 2666
mod5adder_127
0: 555 302 0
1: 1241 736 98
2: 737 416 26
4: 940 540 55
mod5d1_63
0: 22 13 0
1: 29 17 1
2: 22 13 0
4: 22 13 0
mod5d2_64
0: 53 32 0
1: 123 73 10
2: 74 40 3
4: 95 62 6
mod5mils_65
0: 35 21 0
1: 77 51 6
2: 35 21 0
4: 35 21 0
mod8-10_177
0: 440 251 0
1: 853 528 59
2: 622 370 26
4: 895 543 65
mod8-10_178
0: 342 193 0
1: 433 242 13
2: 468 277 18
4: 615 368 39
mod10_171
0: 244 139 0
1: 517 334 39
2: 405 239 23
4: 503 312 37
mod10_176
0: 178 101 0
1: 416 262 34
2: 234 139 8
4: 213 124 5
one-two-three-v0_97
0: 290 163 0
1: 710 430 60
2: 458 270 24
4: 381 228 13
one-two-three-v0_98
0: 146 82 0
1: 279 158 19
2: 195 117 7
4: 195 117 7
one-two-three-v1_99
0: 132 76 0
1: 314 195 26
2: 216 130 12
4: 209 131 11
one-two-three-v2_100
0: 69 40 0
1: 132 82 9
2: 90 53 3
4: 90 55 3
one-two-three-v3_101
0: 70 40 0
1: 140 85 10
2: 98 60 4
4: 91 55 3
qft_10
0: 200 63 0
1: 354 142 22
2: 347 122 21
4: 354 130 22
qft_16
0: 512 105 0
4: 550 145 40
radd_250
0: 3213 1781 0
1: 6559 3727 478
2: 6055 3487 406
4: 6244 3519 433
rd32_270
0: 84 47 0
1: 126 76 6
2: 112 59 4
4: 112 67 4
rd32-v0_66
0: 34 20 0
1: 76 50 6
2: 34 20 0
4: 34 20 0
rd32-v1_68
0: 36 21 0
1: 78 51 6
2: 36 21 0
4: 36 21 0
rd53_130
0: 1043 569 0
1: 2450 1497 201
2: 1645 963 86
4: 2065 1177 146
rd53_131
0: 469 261 0
1: 1113 666 92
2: 742 439 39
4: 840 499 53
rd53_133
0: 580 327 0
1: 1378 845 114
2: 986 598 58
4: 783 437 29
rd53_135
0: 296 159 0
1: 681 385 55
2: 478 273 26
4: 492 283 28
rd53_138
0: 132 56 0
1: 258 119 18
2: 216 105 12
4: 265 135 19
rd53_251
0: 1291 712 0
1: 2355 1341 152
2: 1914 1117 89
4: 1921 1145 90
rd73_252
0: 5321 2867 0
1: 10361 5873 720
2: 9024 5045 529
4: 10410 5802 727
rd84_142
0: 343 110 0
1: 665 243 46
2: 721 265 52
4: 721 285 54
rd84_253
0: 13658 7261 0
1: 26496 14652 1834
4: 15003 8217 1077
root_255
0: 17159 8839 0
1: 34134 18219 2425
4: 32685 17638 2218
sao2_257
0: 38577 19563 0
4: 38584 20498 2888
sf_274
0: 781 436 0
1: 1579 925 114
2: 914 509 19
4: 1565 947 112
sf_276
0: 778 435 0
1: 1611 1011 119
2: 1352 817 82
4: 904 515 18
sqn_258
0: 10223 5458 0
1: 21276 12094 1579
2: 18623 10555 1178
4: 19036 10682 1259
square_root_7
0: 7630 3847 0
1: 15554 8224 1132
4: 13797 7317 1029
sym6_145
0: 3888 2187 0
1: 8102 4944 602
2: 6415 3769 361
4: 7108 4260 460
sym9_148
0: 21504 12087 0
1: 43365 25419 3123
4: 42756 25256 3036
sym9_193
0: 34881 19235 0
4: 67459 38106 4654
sym10_262
0: 64283 35572 0
4: 134528 76171 10035
sys6-v0_111
0: 215 75 0
1: 404 158 27
2: 411 183 28
4: 397 175 26
3_17_13
0: 36 22 0
1: 78 52 6
2: 36 22 0
4: 36 22 0
qft_10
0: 200 63 0
1: 354 142 22
2: 347 122 21
4: 354 130 22
qft_16
0: 512 105 0
4: 550 145 40
radd_250
0: 3213 1781 0
1: 6559 3727 478
2: 6055 3487 406
4: 6244 3519 433
rd32_270
0: 84 47 0
1: 126 76 6
2: 112 59 4
4: 112 67 4
rd32-v0_66
0: 34 20 0
1: 76 50 6
2: 34 20 0
4: 34 20 0
rd32-v1_68
0: 36 21 0
1: 78 51 6
2: 36 21 0
4: 36 21 0
rd53_130
0: 1043 569 0
1: 2450 1497 201
2: 1645 963 86
4: 2065 1177 146
rd53_131
0: 469 261 0
1: 1113 666 92
2: 742 439 39
4: 840 499 53
rd53_133
0: 580 327 0
1: 1378 845 114
2: 986 598 58
4: 783 437 29
rd53_135
0: 296 159 0
1: 681 385 55
2: 478 273 26
4: 492 283 28
rd53_138
0: 132 56 0
1: 258 119 18
2: 216 105 12
4: 265 135 19
rd53_251
0: 1291 712 0
1: 2355 1341 152
2: 1914 1117 89
4: 1921 1145 90
rd73_252
0: 5321 2867 0
1: 10361 5873 720
2: 9024 5045 529
4: 10410 5802 727
rd84_142
0: 343 110 0
1: 665 243 46
2: 721 265 52
4: 721 285 54
rd84_253
0: 13658 7261 0
1: 28785 15785 2161
4: 22911 12538 1707
root_255
0: 17159 8835 0
4: 32685 17634 2218
sao2_257
0: 38577 19563 0
4: 38584 20498 2888
sf_274
0: 781 436 0
1: 1579 925 114
2: 914 509 19
4: 1565 947 112
sf_276
0: 778 435 0
1: 1611 1011 119
2: 1352 817 82
4: 904 515 18
sqn_258
0: 10223 5458 0
1: 21276 12094 1579
4: 16293 9139 1076
square_root_7
0: 7630 3847 0
1: 14938 8012 1044
4: 13797 7317 1029
sym6_145
0: 3888 2187 0
1: 8102 4944 602
2: 6415 3769 361
4: 7108 4260 460
sym9_148
0: 21504 12087 0
1: 43365 25419 3123
4: 42756 25256 3036
sym9_193
0: 34881 19235 0
4: 67459 38106 4654
sym10_262
0: 64283 35572 0
4: 134528 76171 10035
sys6-v0_111
0: 215 75 0
1: 404 158 27
2: 411 183 28
4: 397 175 26
urf1_278
0: 54766 30955 0
1: 124143 70349 9911
4: 120132 67921 9338
urf2_152
0: 80480 44100 0
1: 145601 84903 9303
4: 151936 88200 10208
urf2_277
0: 20112 11390 0
1: 44696 24984 3512
4: 44234 24909 3446
urf5_280
0: 49829 27822 0
4: 109490 62351 8523
xor5_254
0: 7 5 0
1: 14 10 1
2: 7 5 0
4: 7 5 0
z4_268
0: 3073 1644 0
1: 6300 3594 461
2: 5488 3066 345
4: 5929 3279 408
3_17_13
0: 36 22 0
1: 78 52 6
2: 36 22 0
4: 36 22 0
3_17_13
0: 36 22 0
1: 78 52 6
2: 36 22 0
4: 36 22 0
2: 36 22 0
3_17_13
0: 36 22 0
1: 78 52 6
2: 36 22 0
4: 36 22 0
3_17_13
0: 36 22 0
1: 78 52 6
3_17_13
0: 36 22 0
1: 78 52 6
2: 36 22 0
4: 36 22 0
3_17_13
0: 36 22 0
1: 78 52 6
2: 36 22 0
4: 36 22 0
3_17_13
0: 36 22 0
1: 78 52 6
2: 36 22 0
4: 36 22 0
3_17_13
0: 36 22 0
1: 78 52 6
3_17_13
0: 36 22 0
1: 78 52 6
4_49_16
0: 6 5 0
1: 13 10 1
4_49_16
0: 6 5 0
1: 13 10 1
4_49_16
0: 6 5 0
1: 13 10 1
4gt4-v0_72
0: 258 137 0
1: 489 296 33
4gt4-v0_72
0: 258 137 0
1: 489 296 33
4gt4-v0_72
0: 258 137 0
1: 489 296 33
4gt4-v0_72
0: 258 137 0
1: 489 296 33
3_17_13
0: 36 22 0
1: 78 52 6
3_17_13
0: 36 22 0
1: 78 52 6
3_17_13
0: 36 22 0
1: 78 52 6
3_17_13
0: 36 22 0
1: 78 52 6
3_17_13
0: 5 3 0
1: 5 3 0
3_17_13
0: 13 10 0
1: 20 10 1
4gt4-v0_72
0: 258 137 0
1: 489 296 33
2: 517 315 37
2: 475 267 31
2: 475 267 31
2: 342 177 12
2: 328 177 10
2: 580 338 46
2: 580 338 46
2: 489 280 33
4gt4-v0_72
0: 258 137 0
1: 489 296 33
4gt4-v0_72
0: 258 137 0
1: 489 296 33
4: 475 270 31
4: 475 270 31
4: 475 270 31
4: 475 270 31
4gt4-v0_72
0: 258 137 0
1: 489 296 33
4gt4-v0_72
0: 258 137 0
1: 489 296 33
